**** 23 ****
100
15;16;1;2;6
7;20;1;2;29
19;19;1;2;9
10;17;1;2;9
4;2;1;2;10
12;7;1;2;29
12;11;1;2;92
7;14;1;2;3
19;3;1;2;47
18;5;1;2;63
12;11;1;2;90
18;17;1;2;29
20;7;1;2;87
1;17;1;2;95
10;12;1;2;9
20;3;1;2;87
9;7;1;2;38
2;5;1;2;43
17;4;1;2;85
16;1;1;2;1
12;4;1;2;92
2;2;1;2;0
12;1;1;2;47
11;1;1;2;35
19;2;1;2;18
8;1;1;2;0
7;2;1;2;78
5;15;1;2;63
8;3;1;2;98
6;18;1;2;70
7;1;1;2;74
11;15;1;2;67
4;6;1;2;79
11;8;1;2;19
18;18;1;2;0
16;17;1;2;32
8;4;1;2;93
19;20;1;2;27
2;20;1;2;89
12;5;1;2;79
2;3;1;2;11
8;6;1;2;25
15;9;1;2;2
14;11;1;2;82
5;8;1;2;59
17;15;1;2;96
10;2;1;2;31
15;12;1;2;50
15;13;1;2;49
16;16;1;2;13
7;18;1;2;48
19;17;1;2;93
4;12;1;2;1
7;5;1;2;23
9;2;1;2;90
20;18;1;2;76
8;7;1;2;29
19;14;1;2;81
10;8;1;2;45
11;3;1;2;21
17;10;1;2;30
5;20;1;2;46
18;3;1;2;37
11;1;1;2;34
14;1;1;2;55
16;13;1;2;4
12;20;1;2;11
1;19;1;2;76
2;20;1;2;23
8;10;1;2;97
1;6;1;2;78
11;2;1;2;77
9;11;1;2;72
19;1;1;2;64
13;6;1;2;37
20;1;1;2;49
4;4;1;2;0
7;5;1;2;70
3;18;1;2;9
18;17;1;2;71
16;17;1;2;68
6;19;1;2;2
16;8;1;2;12
8;6;1;2;5
4;10;1;2;50
1;1;1;2;91
2;4;1;2;6
3;3;1;2;70
5;17;1;2;20
7;15;1;2;48
18;2;1;2;77
18;19;1;2;35
20;14;1;2;74
5;13;1;2;79
10;17;1;2;40
20;9;1;2;60
3;11;1;2;96
10;5;1;2;58
12;9;1;2;74
4;7;1;2;20

1;1;4;11
2;1;8;32
3;1;13;53
4;1;4;74
5;1;1;95
6;1;4;116
7;1;20;137
8;1;11;158
9;1;19;179
10;1;20;200
11;1;15;221
12;1;16;242
13;1;13;263
14;1;16;284
15;1;5;305
16;1;16;326
17;1;15;347
18;1;13;368
19;1;11;389
20;1;15;410
21;1;12;431
22;1;15;452
23;1;4;473
24;1;17;494
25;1;3;515
26;1;10;536
27;1;6;557
28;1;1;578
29;1;17;599
30;1;20;620
31;1;12;641
32;1;4;662
33;1;10;683
34;1;2;704
35;1;11;725
36;1;10;746
37;1;1;767
38;1;12;788
39;1;6;809
40;1;3;830
*** EOF ***