**** 94 ****
100
30;34;1;2;900
48;16;1;2;1796
38;2;1;2;1292
12;43;1;2;282
19;30;1;2;831
31;17;1;2;2124
9;22;1;2;1346
41;29;1;2;2992
27;13;1;2;110
28;27;1;2;1629
2;8;1;2;1815
4;7;1;2;1780
50;45;1;2;381
45;8;1;2;375
29;26;1;2;2805
12;6;1;2;471
37;17;1;2;195
35;9;1;2;573
27;35;1;2;2237
39;15;1;2;2215
18;16;1;2;2075
33;20;1;2;781
15;19;1;2;2475
47;15;1;2;1234
24;43;1;2;360
29;5;1;2;1867
3;41;1;2;1985
50;27;1;2;2443
25;3;1;2;2580
14;41;1;2;2094
30;10;1;2;1509
5;45;1;2;2430
38;9;1;2;301
14;7;1;2;2765
50;31;1;2;1810
10;11;1;2;914
30;15;1;2;2906
15;14;1;2;132
9;40;1;2;1936
39;4;1;2;2428
33;33;1;2;237
44;39;1;2;883
25;26;1;2;2794
28;41;1;2;350
43;41;1;2;632
3;2;1;2;93
19;31;1;2;2907
27;46;1;2;623
11;6;1;2;164
47;44;1;2;417
25;28;1;2;1301
15;23;1;2;1891
50;47;1;2;2969
44;24;1;2;1009
45;19;1;2;951
27;23;1;2;155
22;42;1;2;135
32;20;1;2;582
7;31;1;2;587
21;27;1;2;82
41;4;1;2;1161
44;20;1;2;2334
36;19;1;2;0
5;13;1;2;1256
16;9;1;2;2776
20;37;1;2;48
25;11;1;2;691
12;42;1;2;1611
47;50;1;2;291
36;20;1;2;2019
19;12;1;2;224
30;6;1;2;1143
14;41;1;2;364
47;47;1;2;328
5;14;1;2;1386
31;33;1;2;1874
31;9;1;2;1534
23;21;1;2;977
36;17;1;2;826
29;2;1;2;1598
48;22;1;2;709
23;4;1;2;166
18;17;1;2;1508
34;15;1;2;1704
12;19;1;2;2820
50;1;1;2;2102
25;32;1;2;411
11;6;1;2;1233
39;43;1;2;2151
17;21;1;2;1104
17;18;1;2;1176
27;42;1;2;1231
45;12;1;2;2547
4;45;1;2;564
10;7;1;2;1832
30;8;1;2;1185
35;32;1;2;1318
48;45;1;2;2923
33;35;1;2;2315
34;1;1;2;2785

1;1;33;52
2;1;25;140
3;1;50;191
4;1;42;253
5;1;46;304
6;1;21;355
7;1;25;480
8;1;18;531
9;1;47;625
10;1;8;676
11;1;47;714
12;1;40;806
13;1;41;895
14;1;17;946
15;1;32;997
16;1;22;1086
17;1;40;1137
18;1;34;1207
19;1;3;1327
20;1;31;1409
21;1;20;1442
22;1;38;1493
23;1;44;1544
24;1;34;1595
25;1;4;2016
26;1;16;2113
27;1;21;2148
28;1;49;2199
29;1;43;2250
30;1;39;2301
31;1;42;2352
32;1;30;2403
33;1;13;2454
34;1;23;2586
35;1;27;2686
36;1;18;2737
37;1;7;2788
38;1;45;2816
39;1;37;2867
40;1;14;2918
41;1;27;2969
42;1;33;3067
43;1;28;3131
44;1;1;3182
45;1;2;3200
46;1;50;3399
47;1;4;3450
48;1;6;3534
49;1;24;3553
50;1;40;3697
*** EOF ***