**** 27 ****
100
14;19;1;2;39
19;20;1;2;28
2;11;1;2;40
17;16;1;2;25
10;14;1;2;43
6;4;1;2;88
16;6;1;2;92
1;4;1;2;73
11;16;1;2;44
8;13;1;2;77
1;7;1;2;75
12;5;1;2;27
12;18;1;2;57
13;15;1;2;84
18;4;1;2;57
13;1;1;2;32
1;16;1;2;57
13;8;1;2;81
18;18;1;2;28
2;6;1;2;0
20;18;1;2;78
15;2;1;2;75
14;13;1;2;64
11;17;1;2;58
7;7;1;2;93
16;19;1;2;34
9;12;1;2;41
18;16;1;2;89
11;14;1;2;18
19;7;1;2;15
12;6;1;2;93
10;13;1;2;94
17;6;1;2;98
2;9;1;2;95
12;7;1;2;61
6;3;1;2;91
12;3;1;2;74
5;20;1;2;50
6;11;1;2;95
5;1;1;2;1
20;12;1;2;99
5;14;1;2;11
11;2;1;2;68
2;3;1;2;28
17;15;1;2;27
10;12;1;2;69
13;15;1;2;43
8;19;1;2;2
18;5;1;2;84
13;1;1;2;17
6;12;1;2;0
5;9;1;2;65
8;19;1;2;87
17;12;1;2;29
17;8;1;2;55
4;9;1;2;6
5;2;1;2;20
8;1;1;2;91
3;10;1;2;55
19;14;1;2;87
16;19;1;2;98
9;4;1;2;86
14;11;1;2;97
13;19;1;2;28
3;8;1;2;28
10;11;1;2;56
17;8;1;2;9
9;15;1;2;9
20;9;1;2;10
7;8;1;2;3
14;15;1;2;42
5;15;1;2;77
11;9;1;2;19
8;1;1;2;38
17;15;1;2;65
5;17;1;2;27
13;13;1;2;94
3;13;1;2;61
4;5;1;2;29
7;3;1;2;88
10;9;1;2;55
4;13;1;2;29
13;15;1;2;29
13;3;1;2;42
3;11;1;2;48
20;7;1;2;4
7;19;1;2;68
14;13;1;2;13
15;9;1;2;77
4;15;1;2;71
5;4;1;2;79
20;20;1;2;3
9;12;1;2;78
11;4;1;2;0
13;6;1;2;2
1;5;1;2;8
18;4;1;2;26
6;17;1;2;19
19;11;1;2;47
8;6;1;2;73

1;1;16;17
2;1;15;38
3;1;10;59
4;1;8;80
5;1;5;101
6;1;20;122
7;1;5;143
8;1;3;164
9;1;16;185
10;1;20;206
11;1;4;227
12;1;3;248
13;1;1;269
14;1;6;290
15;1;8;311
16;1;2;332
17;1;10;353
18;1;20;374
19;1;8;395
20;1;20;416
21;1;18;437
22;1;14;458
23;1;9;479
24;1;14;500
25;1;11;521
26;1;11;542
27;1;18;563
28;1;15;584
29;1;19;605
30;1;4;626
31;1;16;647
32;1;4;668
33;1;1;689
34;1;9;710
35;1;1;731
36;1;13;752
37;1;15;773
38;1;2;794
39;1;3;815
40;1;2;836
*** EOF ***