**** 14 ****
100
8;17;1;2;4
7;2;1;2;75
14;19;1;2;39
16;14;1;2;68
4;1;1;2;79
9;15;1;2;64
20;19;1;2;3
18;1;1;2;34
12;3;1;2;50
3;15;1;2;19
10;2;1;2;47
14;8;1;2;48
2;14;1;2;38
13;9;1;2;92
13;4;1;2;84
12;5;1;2;98
8;16;1;2;16
11;5;1;2;76
17;17;1;2;50
8;19;1;2;16
19;1;1;2;58
6;6;1;2;57
7;19;1;2;2
5;12;1;2;82
9;4;1;2;18
13;8;1;2;2
3;15;1;2;97
19;18;1;2;21
15;14;1;2;57
18;13;1;2;88
14;11;1;2;0
4;17;1;2;45
14;15;1;2;4
16;11;1;2;67
19;12;1;2;50
9;16;1;2;89
11;19;1;2;44
20;17;1;2;21
13;4;1;2;54
3;1;1;2;47
11;6;1;2;69
3;10;1;2;17
8;15;1;2;91
4;10;1;2;82
11;20;1;2;33
14;8;1;2;28
3;10;1;2;18
7;9;1;2;15
20;14;1;2;50
15;16;1;2;22
14;6;1;2;47
15;20;1;2;88
13;7;1;2;2
4;3;1;2;44
18;13;1;2;95
3;18;1;2;75
4;13;1;2;84
2;11;1;2;25
9;11;1;2;18
19;17;1;2;73
13;10;1;2;30
1;4;1;2;89
1;8;1;2;47
4;4;1;2;9
20;1;1;2;94
15;16;1;2;3
10;19;1;2;75
7;12;1;2;6
12;1;1;2;68
2;11;1;2;64
7;4;1;2;93
17;16;1;2;28
18;16;1;2;36
17;11;1;2;59
7;2;1;2;31
13;17;1;2;86
8;18;1;2;56
4;4;1;2;8
2;15;1;2;60
10;8;1;2;62
6;14;1;2;37
11;2;1;2;32
19;19;1;2;40
7;8;1;2;62
18;6;1;2;44
10;18;1;2;80
8;5;1;2;97
5;20;1;2;33
5;13;1;2;59
17;14;1;2;47
11;19;1;2;20
9;9;1;2;62
13;20;1;2;12
13;6;1;2;19
16;4;1;2;44
12;5;1;2;33
4;12;1;2;90
13;8;1;2;41
6;12;1;2;94
6;20;1;2;19

1;1;19;15
2;1;12;36
3;1;15;87
4;1;16;120
5;1;9;181
6;1;5;202
7;1;11;217
8;1;19;243
9;1;20;275
10;1;3;353
11;1;7;408
12;1;17;447
13;1;3;487
14;1;4;603
15;1;6;624
16;1;18;645
17;1;4;666
18;1;12;687
19;1;16;708
20;1;15;729
21;1;9;776
22;1;5;788
23;1;14;888
24;1;9;917
25;1;14;966
26;1;6;1026
27;1;8;1035
28;1;7;1101
29;1;19;1196
30;1;20;1217
31;1;9;1238
32;1;16;1284
33;1;12;1305
34;1;4;1326
35;1;15;1342
36;1;10;1370
37;1;18;1386
38;1;5;1407
39;1;13;1461
40;1;3;1603
*** EOF ***