**** 22 ****
100
20;9;1;2;99
3;13;1;2;5
5;13;1;2;62
2;5;1;2;37
15;4;1;2;31
1;20;1;2;57
6;13;1;2;33
4;1;1;2;4
20;8;1;2;52
16;15;1;2;65
6;15;1;2;53
6;9;1;2;37
11;14;1;2;89
5;7;1;2;5
2;13;1;2;89
13;14;1;2;28
2;19;1;2;32
8;14;1;2;12
4;13;1;2;92
17;1;1;2;6
14;6;1;2;92
7;11;1;2;21
17;14;1;2;86
18;18;1;2;12
4;20;1;2;24
13;4;1;2;9
13;6;1;2;19
5;13;1;2;45
17;16;1;2;57
1;4;1;2;9
20;17;1;2;15
12;16;1;2;77
13;12;1;2;50
19;9;1;2;48
3;12;1;2;7
20;16;1;2;10
9;8;1;2;67
1;12;1;2;11
6;1;1;2;99
15;13;1;2;82
5;12;1;2;31
12;4;1;2;46
9;8;1;2;17
20;19;1;2;85
8;1;1;2;9
7;12;1;2;76
9;1;1;2;64
17;13;1;2;7
20;18;1;2;19
19;12;1;2;92
14;8;1;2;35
5;19;1;2;90
11;8;1;2;78
20;19;1;2;88
17;6;1;2;80
18;4;1;2;32
15;12;1;2;4
11;20;1;2;16
18;12;1;2;65
10;2;1;2;8
14;15;1;2;56
9;11;1;2;26
20;13;1;2;45
10;12;1;2;63
10;1;1;2;80
10;18;1;2;3
14;12;1;2;47
18;2;1;2;78
6;12;1;2;9
3;1;1;2;91
12;14;1;2;5
20;2;1;2;88
18;13;1;2;80
4;14;1;2;4
7;3;1;2;44
8;13;1;2;61
3;6;1;2;33
10;16;1;2;26
9;13;1;2;97
18;16;1;2;17
1;19;1;2;82
7;10;1;2;76
7;7;1;2;88
7;2;1;2;2
3;1;1;2;56
7;20;1;2;28
1;2;1;2;6
14;12;1;2;93
12;12;1;2;57
10;1;1;2;64
19;2;1;2;74
2;20;1;2;43
10;6;1;2;0
18;4;1;2;95
12;7;1;2;35
9;5;1;2;54
9;5;1;2;56
7;10;1;2;39
12;2;1;2;30
10;11;1;2;42

1;1;12;6
2;1;14;27
3;1;9;48
4;1;10;69
5;1;4;90
6;1;3;111
7;1;19;132
8;1;9;153
9;1;9;174
10;1;12;195
11;1;8;216
12;1;5;237
13;1;14;258
14;1;5;279
15;1;8;300
16;1;1;321
17;1;13;342
18;1;15;363
19;1;1;384
20;1;15;405
21;1;11;426
22;1;11;447
23;1;3;468
24;1;11;489
25;1;13;510
26;1;16;531
27;1;4;552
28;1;15;573
29;1;13;594
30;1;6;615
31;1;18;636
32;1;5;657
33;1;3;678
34;1;9;699
35;1;20;720
36;1;17;741
37;1;17;762
38;1;18;783
39;1;17;804
40;1;8;825
*** EOF ***