**** 4 ****
100
4;12;1;2;33
18;2;1;2;8
14;11;1;2;16
5;8;1;2;20
12;13;1;2;13
18;9;1;2;20
8;17;1;2;12
6;9;1;2;20
7;7;1;2;18
10;5;1;2;2
8;20;1;2;25
13;17;1;2;27
1;3;1;2;9
17;19;1;2;9
10;10;1;2;21
15;19;1;2;29
16;19;1;2;17
20;4;1;2;17
20;2;1;2;35
11;11;1;2;39
5;19;1;2;10
3;11;1;2;27
10;4;1;2;9
11;12;1;2;7
20;1;1;2;28
13;16;1;2;38
2;3;1;2;16
11;2;1;2;39
1;14;1;2;1
16;4;1;2;3
8;20;1;2;21
18;2;1;2;24
17;3;1;2;27
6;14;1;2;38
5;5;1;2;39
13;18;1;2;26
12;11;1;2;20
8;14;1;2;1
20;14;1;2;6
13;1;1;2;21
16;8;1;2;1
10;18;1;2;2
14;14;1;2;37
1;12;1;2;2
19;16;1;2;26
10;9;1;2;35
8;12;1;2;26
8;19;1;2;31
2;10;1;2;36
8;14;1;2;36
2;10;1;2;16
3;11;1;2;25
17;4;1;2;10
14;16;1;2;21
16;6;1;2;17
15;8;1;2;25
10;15;1;2;28
8;15;1;2;18
11;8;1;2;28
7;7;1;2;1
16;8;1;2;22
4;2;1;2;24
9;19;1;2;39
19;4;1;2;14
1;12;1;2;12
18;6;1;2;39
15;7;1;2;25
15;7;1;2;31
13;17;1;2;18
1;4;1;2;25
15;11;1;2;32
9;14;1;2;34
14;2;1;2;24
13;12;1;2;7
20;12;1;2;10
12;1;1;2;27
3;7;1;2;14
20;1;1;2;20
12;6;1;2;28
2;6;1;2;3
7;12;1;2;13
12;13;1;2;26
18;6;1;2;19
2;10;1;2;11
1;9;1;2;14
4;12;1;2;7
11;14;1;2;13
5;6;1;2;6
17;17;1;2;11
18;10;1;2;8
1;17;1;2;32
15;20;1;2;24
13;17;1;2;0
13;10;1;2;2
16;2;1;2;11
10;5;1;2;14
17;16;1;2;20
3;12;1;2;5
1;1;1;2;33
4;18;1;2;2

1;1;3;22
2;1;8;154
3;1;7;286
4;1;1;505
5;1;10;568
6;1;7;605
7;1;6;749
8;1;8;808
9;1;2;898
10;1;10;966
11;1;6;1015
12;1;6;1052
13;1;1;1090
14;1;7;1096
15;1;7;1136
16;1;5;1219
17;1;10;1290
18;1;6;1304
19;1;7;1320
20;1;7;1521
*** EOF ***