**** 16 ****
100
11;19;1;2;38
8;5;1;2;32
13;11;1;2;18
18;17;1;2;88
13;16;1;2;60
11;18;1;2;12
5;1;1;2;99
2;18;1;2;74
12;14;1;2;44
12;20;1;2;17
10;11;1;2;87
8;18;1;2;23
12;10;1;2;74
2;19;1;2;42
11;4;1;2;18
3;14;1;2;7
7;11;1;2;60
6;12;1;2;17
12;15;1;2;2
9;18;1;2;21
6;7;1;2;71
5;6;1;2;20
8;10;1;2;42
14;11;1;2;92
17;1;1;2;95
7;3;1;2;41
6;9;1;2;91
6;6;1;2;14
15;10;1;2;21
17;18;1;2;18
11;3;1;2;17
14;19;1;2;54
7;6;1;2;63
9;12;1;2;14
1;20;1;2;46
9;18;1;2;21
10;3;1;2;0
13;9;1;2;87
19;15;1;2;56
12;4;1;2;53
11;14;1;2;47
20;19;1;2;25
14;5;1;2;62
18;5;1;2;85
4;18;1;2;84
10;6;1;2;81
11;7;1;2;36
13;11;1;2;56
12;9;1;2;10
20;1;1;2;53
5;3;1;2;58
12;2;1;2;97
9;15;1;2;93
3;4;1;2;38
1;7;1;2;75
5;9;1;2;52
19;11;1;2;58
7;15;1;2;88
3;6;1;2;8
5;17;1;2;40
11;1;1;2;2
9;12;1;2;15
18;12;1;2;82
4;7;1;2;65
2;7;1;2;32
9;3;1;2;80
1;1;1;2;30
11;19;1;2;85
11;1;1;2;82
19;6;1;2;79
12;16;1;2;79
6;16;1;2;83
2;6;1;2;66
4;9;1;2;92
1;2;1;2;98
13;10;1;2;21
5;2;1;2;93
8;12;1;2;52
5;14;1;2;4
19;4;1;2;61
18;15;1;2;76
10;1;1;2;64
5;14;1;2;69
11;9;1;2;89
4;9;1;2;10
14;14;1;2;59
7;10;1;2;92
13;9;1;2;15
17;13;1;2;68
1;12;1;2;11
3;1;1;2;38
11;2;1;2;50
7;6;1;2;63
8;9;1;2;63
17;12;1;2;11
7;17;1;2;96
18;16;1;2;46
2;8;1;2;94
17;4;1;2;79
5;16;1;2;82

1;1;19;21
2;1;14;71
3;1;10;110
4;1;12;131
5;1;4;164
6;1;8;234
7;1;12;267
8;1;20;290
9;1;15;311
10;1;6;332
11;1;18;342
12;1;3;363
13;1;2;384
14;1;9;405
15;1;1;426
16;1;7;432
17;1;20;639
18;1;17;677
19;1;1;703
20;1;12;822
21;1;2;858
22;1;12;888
23;1;13;901
24;1;10;933
25;1;3;954
26;1;12;991
27;1;16;1029
28;1;9;1117
29;1;4;1134
30;1;6;1148
31;1;18;1335
32;1;15;1366
33;1;16;1387
34;1;20;1437
35;1;7;1458
36;1;18;1479
37;1;8;1500
38;1;19;1517
39;1;12;1563
40;1;13;1584
*** EOF ***