**** 97 ****
100
1;43;1;2;2097
28;26;1;2;2473
23;38;1;2;1320
4;10;1;2;2285
23;37;1;2;1179
14;22;1;2;602
7;39;1;2;2700
1;22;1;2;2330
49;35;1;2;1953
9;28;1;2;1416
49;29;1;2;908
49;8;1;2;235
24;30;1;2;173
45;36;1;2;1882
32;8;1;2;1270
12;21;1;2;2742
14;30;1;2;32
16;30;1;2;506
49;31;1;2;940
2;41;1;2;468
20;39;1;2;2598
29;39;1;2;255
14;13;1;2;2885
39;7;1;2;1170
23;40;1;2;179
44;1;1;2;2551
38;15;1;2;580
20;30;1;2;912
28;28;1;2;1494
19;31;1;2;2034
39;1;1;2;124
37;31;1;2;863
44;46;1;2;1075
29;35;1;2;2433
1;9;1;2;1222
32;4;1;2;1623
34;41;1;2;1589
16;13;1;2;820
28;40;1;2;2000
24;10;1;2;1080
8;48;1;2;182
33;36;1;2;214
46;30;1;2;1060
23;10;1;2;596
6;11;1;2;704
30;42;1;2;0
5;27;1;2;1600
46;43;1;2;2162
17;22;1;2;2904
17;46;1;2;1413
49;3;1;2;1863
34;37;1;2;498
48;34;1;2;1279
8;6;1;2;739
4;13;1;2;751
11;43;1;2;1142
21;49;1;2;2169
21;45;1;2;1763
36;11;1;2;484
40;29;1;2;179
5;27;1;2;234
18;10;1;2;420
19;8;1;2;1954
48;17;1;2;261
39;23;1;2;424
40;35;1;2;1368
33;5;1;2;1716
4;27;1;2;762
17;12;1;2;1622
3;3;1;2;1352
35;8;1;2;329
19;27;1;2;2790
41;47;1;2;2599
45;47;1;2;816
7;35;1;2;1740
33;25;1;2;2724
1;9;1;2;1128
19;14;1;2;2256
32;32;1;2;1920
6;34;1;2;22
9;18;1;2;1681
40;36;1;2;2760
30;27;1;2;756
32;23;1;2;302
50;31;1;2;2137
40;15;1;2;1363
16;15;1;2;1771
44;34;1;2;234
2;17;1;2;1515
22;22;1;2;98
47;30;1;2;2868
28;19;1;2;353
40;1;1;2;31
47;34;1;2;856
1;33;1;2;88
38;24;1;2;1153
1;39;1;2;2769
24;34;1;2;654
8;35;1;2;1570
25;9;1;2;1844

1;1;28;5
2;1;38;56
3;1;9;107
4;1;24;401
5;1;1;521
6;1;29;570
7;1;6;790
8;1;22;993
9;1;29;1052
10;1;35;1091
11;1;38;1315
12;1;39;1366
13;1;47;1417
14;1;32;1474
15;1;45;1538
16;1;14;1586
17;1;7;1712
18;1;18;1857
19;1;38;1894
20;1;44;2128
21;1;20;2179
22;1;28;2230
23;1;35;2281
24;1;26;2332
25;1;22;2383
26;1;33;2434
27;1;37;2485
28;1;38;2536
29;1;13;2609
30;1;31;2651
31;1;47;2723
32;1;6;2774
33;1;47;2825
34;1;12;2876
35;1;40;2927
36;1;25;2978
37;1;2;3029
38;1;46;3080
39;1;31;3131
40;1;34;3182
41;1;48;3233
42;1;8;3284
43;1;2;3500
44;1;42;3515
45;1;42;3673
46;1;42;3746
47;1;5;3828
48;1;40;3856
49;1;29;3907
50;1;19;3958
*** EOF ***