**** 6 ****
100
19;17;1;2;14
5;19;1;2;19
9;7;1;2;25
5;18;1;2;18
14;15;1;2;19
17;11;1;2;38
12;4;1;2;12
16;8;1;2;22
16;10;1;2;17
17;6;1;2;24
16;16;1;2;12
3;13;1;2;22
2;1;1;2;28
19;5;1;2;37
17;10;1;2;12
8;18;1;2;2
19;9;1;2;37
11;17;1;2;25
13;12;1;2;26
10;20;1;2;31
6;16;1;2;18
18;10;1;2;30
20;11;1;2;10
1;1;1;2;26
18;18;1;2;15
10;17;1;2;4
5;7;1;2;25
2;10;1;2;21
19;2;1;2;12
5;4;1;2;3
8;1;1;2;10
7;19;1;2;39
9;10;1;2;21
20;2;1;2;22
18;20;1;2;11
6;1;1;2;7
10;17;1;2;26
15;19;1;2;15
8;17;1;2;28
20;2;1;2;11
16;1;1;2;4
6;7;1;2;2
18;16;1;2;3
19;7;1;2;5
1;4;1;2;36
12;1;1;2;28
12;11;1;2;25
18;17;1;2;23
5;5;1;2;31
13;16;1;2;4
17;3;1;2;5
1;9;1;2;3
15;6;1;2;38
10;4;1;2;16
15;17;1;2;12
3;8;1;2;32
12;19;1;2;34
17;8;1;2;3
12;12;1;2;39
15;17;1;2;34
20;13;1;2;17
17;13;1;2;37
20;7;1;2;14
11;8;1;2;17
7;15;1;2;13
19;17;1;2;13
4;20;1;2;31
18;8;1;2;31
1;19;1;2;2
20;6;1;2;38
7;17;1;2;22
16;13;1;2;14
13;4;1;2;32
19;14;1;2;0
8;13;1;2;34
2;11;1;2;2
7;14;1;2;14
10;4;1;2;21
1;4;1;2;32
16;16;1;2;37
6;2;1;2;33
9;9;1;2;17
15;1;1;2;0
8;11;1;2;14
20;18;1;2;18
6;11;1;2;8
20;17;1;2;34
14;7;1;2;17
16;19;1;2;32
20;14;1;2;7
17;20;1;2;0
2;8;1;2;28
19;2;1;2;0
19;1;1;2;10
5;12;1;2;28
3;9;1;2;10
4;9;1;2;27
10;14;1;2;13
19;1;1;2;31
3;20;1;2;37

1;1;5;100
2;1;5;169
3;1;9;485
4;1;10;562
5;1;7;628
6;1;4;653
7;1;4;663
8;1;6;706
9;1;1;734
10;1;8;887
11;1;6;975
12;1;6;1101
13;1;7;1226
14;1;3;1286
15;1;6;1373
16;1;3;1445
17;1;5;1557
18;1;2;1573
19;1;5;1577
20;1;3;1601
*** EOF ***