**** 8 ****
100
17;13;1;2;16
2;17;1;2;1
5;4;1;2;36
2;9;1;2;36
15;6;1;2;4
20;20;1;2;16
7;16;1;2;24
8;4;1;2;5
13;6;1;2;30
17;1;1;2;30
3;17;1;2;2
19;10;1;2;10
20;14;1;2;6
17;8;1;2;34
5;2;1;2;11
10;1;1;2;22
18;20;1;2;29
14;7;1;2;32
20;12;1;2;30
10;8;1;2;2
20;2;1;2;19
14;20;1;2;0
5;11;1;2;34
3;19;1;2;33
9;4;1;2;6
20;5;1;2;39
2;14;1;2;38
11;7;1;2;24
16;18;1;2;15
18;19;1;2;34
20;10;1;2;35
11;4;1;2;26
12;20;1;2;9
18;2;1;2;27
11;2;1;2;22
9;1;1;2;38
8;14;1;2;3
6;4;1;2;30
3;11;1;2;19
10;8;1;2;18
17;20;1;2;7
12;10;1;2;22
11;13;1;2;1
20;10;1;2;14
19;12;1;2;15
14;1;1;2;7
12;20;1;2;20
16;6;1;2;36
18;20;1;2;6
9;9;1;2;26
7;5;1;2;25
7;9;1;2;14
9;19;1;2;19
3;10;1;2;8
17;8;1;2;32
5;1;1;2;24
12;5;1;2;23
13;12;1;2;20
1;9;1;2;39
7;17;1;2;8
13;16;1;2;24
10;2;1;2;12
17;10;1;2;22
16;12;1;2;23
16;1;1;2;11
8;17;1;2;23
4;8;1;2;19
8;12;1;2;10
8;12;1;2;10
8;11;1;2;7
8;15;1;2;34
12;5;1;2;35
5;1;1;2;16
19;16;1;2;20
3;3;1;2;12
6;3;1;2;8
1;6;1;2;15
1;13;1;2;39
11;13;1;2;10
14;12;1;2;32
1;19;1;2;27
15;10;1;2;11
2;6;1;2;31
18;5;1;2;18
10;7;1;2;12
2;4;1;2;14
10;4;1;2;0
6;4;1;2;24
17;7;1;2;36
19;20;1;2;27
12;12;1;2;37
19;18;1;2;27
10;19;1;2;24
13;8;1;2;20
3;18;1;2;6
15;19;1;2;9
10;9;1;2;5
2;6;1;2;28
6;14;1;2;26
3;12;1;2;25

1;1;3;65
2;1;3;108
3;1;10;261
4;1;3;286
5;1;10;321
6;1;1;375
7;1;4;390
8;1;7;651
9;1;1;679
10;1;2;685
11;1;6;708
12;1;8;801
13;1;3;812
14;1;8;940
15;1;6;965
16;1;6;1005
17;1;2;1053
18;1;8;1337
19;1;2;1371
20;1;2;1383
*** EOF ***