**** 99 ****
100
46;42;1;2;447
38;49;1;2;1498
5;33;1;2;1487
36;49;1;2;2458
37;35;1;2;1128
40;27;1;2;641
11;38;1;2;689
46;28;1;2;707
50;5;1;2;1358
28;38;1;2;2506
15;33;1;2;2947
12;20;1;2;1447
12;27;1;2;1429
50;12;1;2;1428
8;50;1;2;2214
39;41;1;2;391
30;3;1;2;1780
21;49;1;2;559
29;50;1;2;63
37;27;1;2;100
44;44;1;2;2633
43;5;1;2;1954
41;19;1;2;1632
22;18;1;2;243
2;27;1;2;2445
17;15;1;2;1335
10;46;1;2;38
40;17;1;2;2888
49;47;1;2;2487
15;33;1;2;1116
15;28;1;2;2159
50;23;1;2;415
5;13;1;2;383
39;36;1;2;902
33;38;1;2;1079
30;6;1;2;2745
15;15;1;2;543
5;6;1;2;809
43;6;1;2;1955
33;20;1;2;2339
49;35;1;2;1117
10;34;1;2;1939
25;40;1;2;253
11;29;1;2;840
15;13;1;2;1777
44;42;1;2;2982
42;8;1;2;2198
35;13;1;2;853
46;5;1;2;211
3;39;1;2;2630
42;37;1;2;2916
11;48;1;2;702
2;23;1;2;941
7;35;1;2;2971
48;49;1;2;1035
27;45;1;2;578
10;36;1;2;288
8;22;1;2;2850
14;19;1;2;2856
27;21;1;2;2795
7;14;1;2;1133
26;27;1;2;31
28;30;1;2;255
21;37;1;2;2189
43;36;1;2;1087
30;12;1;2;1733
11;23;1;2;520
49;33;1;2;991
49;48;1;2;1659
7;24;1;2;1831
2;30;1;2;495
38;7;1;2;2823
19;34;1;2;1402
24;5;1;2;190
15;49;1;2;0
4;28;1;2;2339
38;40;1;2;2163
8;38;1;2;995
2;38;1;2;392
11;45;1;2;565
45;48;1;2;1497
42;35;1;2;103
15;3;1;2;87
19;28;1;2;93
10;42;1;2;2741
37;46;1;2;770
28;35;1;2;760
42;42;1;2;349
37;43;1;2;2037
32;6;1;2;31
47;50;1;2;830
46;41;1;2;1865
50;7;1;2;869
39;25;1;2;1099
32;36;1;2;1390
25;25;1;2;887
47;2;1;2;971
7;45;1;2;2163
9;34;1;2;157
46;15;1;2;2262

1;1;11;18
2;1;48;118
3;1;26;170
4;1;34;336
5;1;49;421
6;1;15;472
7;1;24;523
8;1;40;574
9;1;35;625
10;1;5;681
11;1;10;730
12;1;43;846
13;1;4;897
14;1;34;931
15;1;32;1032
16;1;39;1083
17;1;48;1134
18;1;48;1185
19;1;50;1236
20;1;15;1287
21;1;28;1364
22;1;35;1415
23;1;44;1591
24;1;22;1639
25;1;1;1668
26;1;50;1811
27;1;47;1939
28;1;37;1990
29;1;50;2145
30;1;22;2196
31;1;39;2247
32;1;6;2315
33;1;6;2687
34;1;22;2738
35;1;24;2768
36;1;5;2848
37;1;50;2868
38;1;33;3051
39;1;37;3124
40;1;4;3199
41;1;24;3311
42;1;23;3387
43;1;6;3438
44;1;10;3489
45;1;11;3540
46;1;26;3591
47;1;29;3642
48;1;13;3683
49;1;13;3748
50;1;37;3880
*** EOF ***