**** 20 ****
100
9;10;1;2;64
11;3;1;2;13
18;16;1;2;23
1;5;1;2;13
4;9;1;2;23
11;8;1;2;45
9;15;1;2;28
9;5;1;2;20
3;16;1;2;83
7;19;1;2;18
4;20;1;2;79
20;2;1;2;21
5;19;1;2;68
20;11;1;2;44
13;7;1;2;4
8;9;1;2;92
5;18;1;2;38
14;6;1;2;34
14;20;1;2;9
17;18;1;2;48
15;13;1;2;79
14;12;1;2;80
8;17;1;2;78
8;8;1;2;1
13;1;1;2;27
17;8;1;2;67
1;13;1;2;4
19;6;1;2;41
14;11;1;2;93
15;8;1;2;10
15;2;1;2;23
14;8;1;2;46
14;15;1;2;94
5;14;1;2;42
6;6;1;2;2
5;15;1;2;0
12;15;1;2;85
17;14;1;2;82
10;19;1;2;13
3;13;1;2;12
14;8;1;2;45
9;13;1;2;92
15;7;1;2;78
10;11;1;2;72
4;8;1;2;69
18;4;1;2;23
19;15;1;2;30
17;3;1;2;23
11;13;1;2;93
4;7;1;2;97
8;20;1;2;84
14;8;1;2;89
18;15;1;2;35
17;16;1;2;57
1;19;1;2;4
2;16;1;2;7
6;6;1;2;33
8;2;1;2;88
3;13;1;2;12
16;8;1;2;98
13;16;1;2;58
10;1;1;2;17
19;18;1;2;71
6;6;1;2;18
3;6;1;2;96
19;8;1;2;11
6;5;1;2;17
11;12;1;2;50
19;14;1;2;42
3;1;1;2;62
2;13;1;2;17
12;14;1;2;57
9;12;1;2;26
13;17;1;2;52
11;11;1;2;9
8;9;1;2;16
11;6;1;2;52
20;17;1;2;95
11;7;1;2;20
13;10;1;2;20
15;11;1;2;45
4;2;1;2;78
13;2;1;2;62
20;14;1;2;30
12;17;1;2;41
1;16;1;2;1
10;6;1;2;67
14;6;1;2;75
2;16;1;2;61
2;20;1;2;42
15;7;1;2;64
20;2;1;2;85
10;15;1;2;79
4;6;1;2;12
7;17;1;2;60
20;9;1;2;15
1;10;1;2;93
20;4;1;2;58
15;5;1;2;65
9;18;1;2;56

1;1;12;75
2;1;16;247
3;1;14;345
4;1;2;376
5;1;6;441
6;1;9;554
7;1;6;578
8;1;5;597
9;1;16;604
10;1;9;625
11;1;8;646
12;1;16;678
13;1;10;699
14;1;2;720
15;1;6;736
16;1;19;782
17;1;6;812
18;1;9;828
19;1;10;839
20;1;7;907
21;1;15;1029
22;1;8;1130
23;1;3;1151
24;1;18;1169
25;1;5;1190
26;1;12;1211
27;1;14;1236
28;1;10;1257
29;1;5;1278
30;1;20;1299
31;1;12;1320
32;1;17;1341
33;1;18;1438
34;1;4;1459
35;1;20;1470
36;1;17;1491
37;1;12;1512
38;1;13;1533
39;1;17;1554
40;1;4;1572
*** EOF ***