**** 7 ****
100
8;4;1;2;6
3;9;1;2;32
9;16;1;2;38
6;6;1;2;9
13;8;1;2;16
17;8;1;2;21
19;6;1;2;34
15;7;1;2;30
18;15;1;2;10
16;9;1;2;13
3;8;1;2;36
10;11;1;2;36
2;19;1;2;11
12;4;1;2;9
2;8;1;2;36
10;5;1;2;3
3;15;1;2;28
18;9;1;2;6
8;18;1;2;33
10;5;1;2;1
4;19;1;2;21
12;8;1;2;31
9;2;1;2;21
20;13;1;2;4
9;6;1;2;24
6;15;1;2;0
1;18;1;2;14
2;7;1;2;14
8;6;1;2;23
1;16;1;2;19
15;11;1;2;17
8;2;1;2;25
19;10;1;2;26
20;10;1;2;10
16;10;1;2;36
20;7;1;2;22
12;20;1;2;31
6;1;1;2;9
12;20;1;2;35
15;13;1;2;22
14;19;1;2;32
12;6;1;2;13
17;4;1;2;35
15;15;1;2;4
17;10;1;2;25
5;2;1;2;24
20;13;1;2;3
11;11;1;2;15
1;2;1;2;34
8;17;1;2;38
10;2;1;2;36
14;13;1;2;33
19;1;1;2;36
14;7;1;2;2
10;16;1;2;24
16;20;1;2;37
20;19;1;2;9
15;2;1;2;11
10;14;1;2;33
4;13;1;2;1
3;2;1;2;14
11;7;1;2;27
5;5;1;2;39
13;19;1;2;38
16;8;1;2;33
12;15;1;2;12
9;14;1;2;23
10;8;1;2;16
2;9;1;2;1
7;13;1;2;13
20;7;1;2;26
14;9;1;2;32
13;13;1;2;36
13;18;1;2;34
11;5;1;2;14
4;16;1;2;8
8;4;1;2;34
3;13;1;2;13
19;6;1;2;2
20;12;1;2;26
5;3;1;2;12
11;17;1;2;12
3;9;1;2;37
12;13;1;2;34
18;15;1;2;38
12;18;1;2;33
13;18;1;2;8
7;20;1;2;12
12;11;1;2;18
14;2;1;2;1
20;7;1;2;4
4;17;1;2;32
9;12;1;2;32
6;15;1;2;5
20;12;1;2;19
10;16;1;2;29
15;20;1;2;6
3;6;1;2;37
7;9;1;2;19
5;3;1;2;1

1;1;8;22
2;1;4;228
3;1;2;251
4;1;10;315
5;1;1;347
6;1;4;363
7;1;4;447
8;1;7;509
9;1;8;671
10;1;6;694
11;1;10;772
12;1;10;872
13;1;9;970
14;1;3;1019
15;1;4;1041
16;1;3;1384
17;1;7;1464
18;1;2;1485
19;1;2;1498
20;1;9;1543
*** EOF ***