**** 29 ****
100
2;4;1;2;23
5;10;1;2;82
11;3;1;2;27
15;13;1;2;50
7;8;1;2;95
10;15;1;2;57
10;14;1;2;18
4;3;1;2;92
10;17;1;2;6
6;12;1;2;13
8;6;1;2;28
3;10;1;2;9
5;12;1;2;44
4;19;1;2;96
6;17;1;2;83
2;7;1;2;37
19;16;1;2;71
9;19;1;2;85
2;1;1;2;21
20;6;1;2;85
13;5;1;2;10
13;8;1;2;31
3;12;1;2;14
19;8;1;2;72
15;13;1;2;21
18;14;1;2;19
16;4;1;2;34
19;13;1;2;25
16;14;1;2;5
9;13;1;2;82
14;18;1;2;66
16;2;1;2;85
7;16;1;2;69
2;14;1;2;96
6;8;1;2;68
19;6;1;2;82
18;13;1;2;45
5;3;1;2;29
10;18;1;2;22
7;6;1;2;87
1;12;1;2;36
7;7;1;2;97
5;6;1;2;33
14;19;1;2;86
10;4;1;2;6
18;3;1;2;23
12;12;1;2;27
10;16;1;2;89
19;17;1;2;98
2;3;1;2;75
1;15;1;2;58
17;14;1;2;5
6;18;1;2;2
19;11;1;2;60
18;20;1;2;3
16;9;1;2;57
19;1;1;2;89
6;10;1;2;84
7;8;1;2;21
5;1;1;2;55
12;1;1;2;22
11;9;1;2;35
16;15;1;2;32
10;5;1;2;34
10;2;1;2;33
5;17;1;2;53
3;7;1;2;73
4;12;1;2;94
20;10;1;2;94
13;14;1;2;94
1;18;1;2;87
3;8;1;2;55
18;15;1;2;0
2;4;1;2;6
16;13;1;2;59
1;17;1;2;68
14;11;1;2;54
20;14;1;2;98
14;6;1;2;87
8;18;1;2;73
15;10;1;2;30
2;12;1;2;69
9;1;1;2;43
11;2;1;2;58
9;9;1;2;22
8;9;1;2;38
16;15;1;2;69
3;14;1;2;54
1;19;1;2;31
20;7;1;2;21
5;13;1;2;30
7;14;1;2;82
16;14;1;2;62
11;16;1;2;56
9;4;1;2;44
11;12;1;2;65
2;7;1;2;19
3;9;1;2;84
9;1;1;2;2
1;1;1;2;68

1;1;19;10
2;1;1;31
3;1;6;52
4;1;1;73
5;1;12;94
6;1;2;115
7;1;12;136
8;1;12;157
9;1;5;178
10;1;1;199
11;1;7;220
12;1;13;241
13;1;2;262
14;1;13;283
15;1;10;304
16;1;13;325
17;1;9;346
18;1;5;367
19;1;7;388
20;1;4;409
21;1;9;430
22;1;17;451
23;1;2;472
24;1;9;493
25;1;18;514
26;1;18;535
27;1;20;556
28;1;6;577
29;1;8;598
30;1;8;619
31;1;11;640
32;1;4;661
33;1;6;682
34;1;17;703
35;1;1;724
36;1;11;745
37;1;6;766
38;1;8;787
39;1;12;808
40;1;17;829
*** EOF ***