**** 91 ****
100
26;14;1;2;863
31;11;1;2;1159
11;18;1;2;2916
18;43;1;2;2151
20;27;1;2;281
49;36;1;2;659
3;43;1;2;2861
3;35;1;2;612
9;43;1;2;1449
22;18;1;2;873
18;43;1;2;2587
32;24;1;2;2847
41;34;1;2;666
9;3;1;2;2560
13;22;1;2;2587
44;22;1;2;1424
5;24;1;2;668
19;26;1;2;2852
31;34;1;2;894
32;7;1;2;2311
5;27;1;2;2256
42;8;1;2;1879
41;50;1;2;1012
9;8;1;2;2064
20;20;1;2;2437
9;15;1;2;1458
33;20;1;2;181
3;38;1;2;708
5;20;1;2;393
2;1;1;2;2551
15;5;1;2;677
21;49;1;2;1634
2;39;1;2;933
14;48;1;2;1843
30;19;1;2;162
19;27;1;2;2877
27;11;1;2;1998
8;13;1;2;0
18;19;1;2;1304
11;22;1;2;1254
13;37;1;2;1110
42;9;1;2;108
27;11;1;2;1799
12;26;1;2;496
5;8;1;2;2816
20;26;1;2;1994
49;3;1;2;2454
49;12;1;2;2568
34;30;1;2;1836
40;42;1;2;1858
44;6;1;2;2296
4;48;1;2;2054
15;26;1;2;716
14;37;1;2;1942
12;44;1;2;2499
28;15;1;2;1824
24;15;1;2;1376
28;13;1;2;2040
48;48;1;2;1171
36;37;1;2;2162
46;32;1;2;2270
42;37;1;2;1467
49;1;1;2;2092
15;14;1;2;2430
7;27;1;2;1325
8;4;1;2;1939
33;29;1;2;2205
11;8;1;2;417
3;5;1;2;314
24;41;1;2;552
39;36;1;2;2033
9;30;1;2;220
26;30;1;2;1220
18;44;1;2;1186
50;3;1;2;612
26;10;1;2;2668
17;44;1;2;346
23;5;1;2;2454
42;7;1;2;2910
9;33;1;2;552
11;21;1;2;590
45;29;1;2;2319
15;6;1;2;2498
37;25;1;2;1843
25;24;1;2;2297
40;49;1;2;359
8;16;1;2;852
6;40;1;2;2858
12;31;1;2;2065
23;39;1;2;347
27;50;1;2;219
17;44;1;2;247
36;10;1;2;2602
36;48;1;2;728
32;23;1;2;2351
31;12;1;2;502
40;21;1;2;119
43;28;1;2;408
1;42;1;2;2138
18;16;1;2;2977

1;1;39;24
2;1;3;82
3;1;36;114
4;1;19;323
5;1;19;349
6;1;18;423
7;1;46;452
8;1;35;503
9;1;24;554
10;1;8;605
11;1;44;656
12;1;50;707
13;1;13;758
14;1;2;801
15;1;31;918
16;1;47;970
17;1;31;1021
18;1;46;1072
19;1;27;1123
20;1;4;1224
21;1;15;1271
22;1;19;1433
23;1;25;1478
24;1;32;1529
25;1;25;1580
26;1;16;1631
27;1;31;1682
28;1;22;1847
29;1;46;1966
30;1;38;2016
31;1;28;2067
32;1;40;2118
33;1;5;2200
34;1;4;2258
35;1;39;2447
36;1;17;2498
37;1;24;2607
38;1;42;2771
39;1;43;2821
40;1;6;2954
41;1;33;3012
42;1;21;3160
43;1;39;3189
44;1;30;3376
45;1;29;3412
46;1;42;3495
47;1;9;3547
48;1;49;3577
49;1;38;3811
50;1;36;3862
*** EOF ***