**** 2 ****
100
1;20;1;2;21
17;1;1;2;27
6;2;1;2;37
1;12;1;2;18
20;12;1;2;12
10;15;1;2;15
7;15;1;2;23
8;12;1;2;31
1;12;1;2;0
11;20;1;2;35
14;12;1;2;26
7;8;1;2;26
14;13;1;2;20
3;5;1;2;3
1;4;1;2;34
6;5;1;2;0
1;3;1;2;6
17;10;1;2;37
20;11;1;2;8
20;1;1;2;39
16;6;1;2;11
2;12;1;2;10
9;18;1;2;23
1;20;1;2;19
4;13;1;2;15
18;18;1;2;19
10;10;1;2;22
16;6;1;2;11
14;5;1;2;13
14;5;1;2;25
6;20;1;2;22
9;13;1;2;34
19;13;1;2;23
14;13;1;2;2
14;16;1;2;14
9;5;1;2;23
8;14;1;2;13
2;10;1;2;38
6;15;1;2;3
11;20;1;2;19
17;17;1;2;10
19;5;1;2;2
5;4;1;2;15
8;9;1;2;27
3;2;1;2;35
9;2;1;2;39
5;10;1;2;33
18;3;1;2;14
8;8;1;2;20
11;19;1;2;11
2;7;1;2;28
12;17;1;2;32
15;2;1;2;27
2;1;1;2;36
1;15;1;2;37
16;16;1;2;39
8;20;1;2;20
13;17;1;2;2
7;4;1;2;22
19;7;1;2;20
10;20;1;2;6
18;12;1;2;2
11;18;1;2;35
10;19;1;2;8
6;19;1;2;2
16;7;1;2;9
7;14;1;2;28
7;6;1;2;16
1;4;1;2;12
15;2;1;2;10
15;3;1;2;29
13;1;1;2;32
8;3;1;2;29
15;12;1;2;27
3;10;1;2;38
18;5;1;2;24
7;11;1;2;17
8;9;1;2;34
4;1;1;2;17
8;16;1;2;10
18;2;1;2;24
20;15;1;2;16
12;14;1;2;18
2;8;1;2;2
9;11;1;2;3
7;8;1;2;27
3;6;1;2;9
20;13;1;2;9
6;9;1;2;21
15;16;1;2;36
5;6;1;2;18
2;5;1;2;4
18;8;1;2;37
9;9;1;2;24
3;10;1;2;6
6;8;1;2;25
5;11;1;2;11
6;2;1;2;15
15;8;1;2;15
16;2;1;2;23

1;1;3;21
2;1;6;53
3;1;10;92
4;1;3;118
5;1;5;453
6;1;8;468
7;1;3;561
8;1;9;609
9;1;1;827
10;1;7;939
11;1;9;997
12;1;7;1009
13;1;5;1044
14;1;3;1208
15;1;9;1375
16;1;1;1471
17;1;7;1479
18;1;4;1488
19;1;9;1508
20;1;7;1563
*** EOF ***