**** 12 ****
100
3;10;1;2;86
1;17;1;2;75
7;11;1;2;71
15;6;1;2;69
15;4;1;2;45
10;14;1;2;56
16;16;1;2;44
1;18;1;2;4
4;11;1;2;89
12;9;1;2;90
5;12;1;2;99
3;12;1;2;67
18;10;1;2;29
1;5;1;2;6
2;19;1;2;49
7;20;1;2;55
15;7;1;2;30
11;19;1;2;79
15;14;1;2;49
16;5;1;2;78
6;1;1;2;61
18;3;1;2;84
17;20;1;2;74
19;12;1;2;30
5;13;1;2;80
15;20;1;2;20
2;14;1;2;78
4;17;1;2;17
3;11;1;2;50
4;7;1;2;87
14;4;1;2;87
15;1;1;2;90
12;18;1;2;21
18;16;1;2;53
8;12;1;2;5
8;18;1;2;76
20;19;1;2;22
19;2;1;2;38
16;4;1;2;80
18;20;1;2;86
5;13;1;2;2
13;20;1;2;22
15;11;1;2;71
16;8;1;2;78
9;7;1;2;50
7;6;1;2;87
3;6;1;2;98
5;16;1;2;59
15;3;1;2;55
16;20;1;2;34
14;17;1;2;26
16;9;1;2;97
11;15;1;2;27
14;10;1;2;46
13;11;1;2;84
15;9;1;2;70
14;11;1;2;75
12;8;1;2;82
4;2;1;2;4
19;17;1;2;95
13;11;1;2;91
11;18;1;2;31
9;8;1;2;5
8;2;1;2;35
7;6;1;2;77
11;12;1;2;85
1;5;1;2;87
8;9;1;2;6
10;12;1;2;28
6;2;1;2;36
2;14;1;2;18
13;16;1;2;76
5;4;1;2;35
10;4;1;2;68
17;2;1;2;53
6;12;1;2;96
11;5;1;2;33
11;12;1;2;61
17;14;1;2;44
17;19;1;2;85
14;20;1;2;70
4;5;1;2;25
12;1;1;2;1
8;2;1;2;24
8;19;1;2;45
14;16;1;2;48
10;19;1;2;52
3;9;1;2;36
16;5;1;2;29
20;2;1;2;87
17;7;1;2;59
7;2;1;2;35
13;14;1;2;95
14;13;1;2;96
10;20;1;2;26
7;5;1;2;62
15;15;1;2;40
8;9;1;2;0
16;5;1;2;44
5;16;1;2;57

1;1;3;114
2;1;6;172
3;1;19;206
4;1;5;227
5;1;11;247
6;1;17;267
7;1;10;322
8;1;9;397
9;1;9;440
10;1;20;497
11;1;10;518
12;1;6;561
13;1;8;582
14;1;3;627
15;1;15;632
16;1;9;649
17;1;12;676
18;1;3;696
19;1;5;732
20;1;14;773
21;1;1;797
22;1;13;828
23;1;18;863
24;1;18;884
25;1;9;905
26;1;15;937
27;1;19;958
28;1;17;979
29;1;15;1000
30;1;4;1021
31;1;11;1042
32;1;1;1207
33;1;3;1333
34;1;17;1350
35;1;12;1390
36;1;4;1442
37;1;8;1453
38;1;8;1471
39;1;19;1522
40;1;13;1568
*** EOF ***