**** 100 ****
100
28;37;1;2;2753
9;24;1;2;1104
1;12;1;2;719
29;26;1;2;0
15;48;1;2;544
46;7;1;2;357
5;27;1;2;1098
42;31;1;2;1395
34;33;1;2;1367
39;14;1;2;1385
5;44;1;2;2273
10;2;1;2;2396
17;4;1;2;210
36;33;1;2;185
9;49;1;2;2082
5;47;1;2;2888
15;3;1;2;2517
13;44;1;2;1097
10;30;1;2;1281
27;20;1;2;1047
14;24;1;2;1340
37;36;1;2;1393
36;2;1;2;2347
46;39;1;2;681
31;49;1;2;2329
15;4;1;2;2777
6;18;1;2;1779
25;32;1;2;1173
22;41;1;2;54
5;19;1;2;1373
2;32;1;2;2999
42;18;1;2;1684
36;5;1;2;2237
35;50;1;2;2025
16;32;1;2;1775
47;49;1;2;1680
25;4;1;2;2449
4;30;1;2;2180
29;3;1;2;2620
35;7;1;2;2488
9;11;1;2;521
10;4;1;2;1641
44;41;1;2;2595
33;25;1;2;947
10;42;1;2;2880
35;39;1;2;1478
16;15;1;2;333
17;20;1;2;1962
48;49;1;2;1814
20;35;1;2;1523
11;43;1;2;1783
32;2;1;2;1286
23;47;1;2;1427
21;31;1;2;1903
20;40;1;2;45
50;27;1;2;1533
31;44;1;2;849
14;10;1;2;2068
29;7;1;2;716
45;29;1;2;551
20;39;1;2;2945
3;22;1;2;1899
42;47;1;2;2447
21;17;1;2;828
24;36;1;2;2417
21;37;1;2;695
6;17;1;2;2638
5;33;1;2;2048
24;13;1;2;1456
42;9;1;2;484
45;29;1;2;2324
41;33;1;2;1498
42;26;1;2;2294
39;46;1;2;2012
17;22;1;2;1599
37;42;1;2;935
32;48;1;2;2204
21;2;1;2;2386
21;25;1;2;1500
29;17;1;2;1008
16;11;1;2;2786
42;3;1;2;321
40;46;1;2;546
34;35;1;2;2242
46;3;1;2;1663
45;39;1;2;1854
33;23;1;2;1701
37;45;1;2;2405
25;17;1;2;2329
27;45;1;2;247
35;12;1;2;2710
24;4;1;2;1014
45;43;1;2;60
41;27;1;2;2294
35;24;1;2;248
50;21;1;2;1637
7;5;1;2;2211
8;43;1;2;905
13;17;1;2;471
45;45;1;2;2365

1;1;18;32
2;1;33;108
3;1;31;159
4;1;36;210
5;1;38;261
6;1;23;312
7;1;47;363
8;1;7;414
9;1;10;491
10;1;44;521
11;1;26;683
12;1;49;718
13;1;22;911
14;1;41;973
15;1;29;1024
16;1;37;1400
17;1;44;1540
18;1;2;1695
19;1;17;1712
20;1;4;1782
21;1;49;1831
22;1;32;1882
23;1;23;2009
24;1;33;2136
25;1;24;2187
26;1;33;2216
27;1;15;2377
28;1;49;2419
29;1;8;2470
30;1;49;2754
31;1;9;2805
32;1;37;2856
33;1;20;2907
34;1;43;2958
35;1;14;3009
36;1;9;3060
37;1;46;3111
38;1;4;3162
39;1;41;3213
40;1;10;3264
41;1;29;3315
42;1;48;3366
43;1;1;3417
44;1;8;3468
45;1;30;3510
46;1;3;3595
47;1;26;3615
48;1;8;3868
49;1;14;3968
50;1;27;4019
*** EOF ***