**** 1 ****
100
18;20;1;2;14
8;20;1;2;0
7;19;1;2;15
5;16;1;2;0
13;7;1;2;8
12;11;1;2;20
15;13;1;2;20
13;17;1;2;39
13;1;1;2;7
15;15;1;2;33
14;13;1;2;32
20;20;1;2;3
12;18;1;2;34
8;3;1;2;29
8;15;1;2;8
16;19;1;2;30
9;13;1;2;22
1;17;1;2;11
20;10;1;2;11
7;16;1;2;38
20;1;1;2;30
4;20;1;2;21
20;12;1;2;19
6;11;1;2;33
15;18;1;2;19
3;5;1;2;17
13;13;1;2;29
8;5;1;2;26
19;4;1;2;27
2;2;1;2;14
20;13;1;2;15
2;9;1;2;26
4;20;1;2;9
15;5;1;2;19
20;11;1;2;8
19;14;1;2;33
17;18;1;2;17
18;17;1;2;22
16;15;1;2;37
3;9;1;2;39
10;8;1;2;3
17;10;1;2;11
3;5;1;2;10
5;11;1;2;26
4;10;1;2;17
13;8;1;2;22
18;4;1;2;31
7;2;1;2;28
9;17;1;2;22
19;12;1;2;10
10;1;1;2;30
13;17;1;2;31
17;11;1;2;35
19;15;1;2;5
6;11;1;2;6
3;15;1;2;33
17;12;1;2;17
8;10;1;2;10
16;19;1;2;38
19;9;1;2;9
1;18;1;2;1
3;2;1;2;29
14;18;1;2;32
1;17;1;2;18
18;2;1;2;8
4;16;1;2;2
10;12;1;2;25
7;19;1;2;15
9;15;1;2;25
7;5;1;2;13
9;17;1;2;2
10;12;1;2;3
12;5;1;2;21
4;18;1;2;9
2;7;1;2;10
3;11;1;2;17
17;20;1;2;28
15;18;1;2;18
2;6;1;2;24
7;4;1;2;20
12;12;1;2;9
6;14;1;2;20
9;5;1;2;36
2;20;1;2;13
11;13;1;2;12
13;15;1;2;22
10;4;1;2;13
10;18;1;2;10
9;19;1;2;7
5;17;1;2;10
18;8;1;2;14
7;5;1;2;27
7;13;1;2;23
15;7;1;2;2
1;17;1;2;6
13;2;1;2;13
7;11;1;2;16
20;13;1;2;25
2;13;1;2;23
1;17;1;2;11

1;1;5;17
2;1;5;49
3;1;1;125
4;1;7;210
5;1;5;237
6;1;9;436
7;1;5;493
8;1;7;503
9;1;8;511
10;1;9;678
11;1;5;816
12;1;1;1021
13;1;9;1031
14;1;3;1060
15;1;10;1098
16;1;10;1228
17;1;4;1388
18;1;2;1467
19;1;5;1482
20;1;4;1507
*** EOF ***