**** 3 ****
100
19;16;1;2;18
2;19;1;2;8
4;4;1;2;18
4;20;1;2;10
2;1;1;2;24
5;11;1;2;27
18;18;1;2;31
7;7;1;2;35
14;11;1;2;30
4;6;1;2;15
20;4;1;2;30
18;18;1;2;20
18;1;1;2;3
16;16;1;2;23
18;9;1;2;15
3;13;1;2;6
10;11;1;2;15
13;17;1;2;21
1;11;1;2;3
11;6;1;2;29
6;5;1;2;32
8;2;1;2;21
9;20;1;2;21
4;7;1;2;17
19;5;1;2;25
15;19;1;2;10
13;20;1;2;20
8;12;1;2;8
9;12;1;2;18
4;2;1;2;35
13;19;1;2;39
6;7;1;2;1
19;7;1;2;32
1;2;1;2;38
10;1;1;2;22
7;7;1;2;32
9;19;1;2;31
9;18;1;2;3
10;18;1;2;6
20;1;1;2;0
16;14;1;2;30
15;11;1;2;16
8;9;1;2;34
20;1;1;2;16
19;2;1;2;8
13;1;1;2;34
6;9;1;2;4
9;10;1;2;13
4;19;1;2;10
11;18;1;2;22
3;13;1;2;7
13;20;1;2;37
2;7;1;2;38
16;7;1;2;30
4;17;1;2;32
4;1;1;2;4
18;18;1;2;12
14;7;1;2;21
7;10;1;2;31
9;12;1;2;29
12;14;1;2;33
11;7;1;2;4
1;8;1;2;31
11;15;1;2;9
1;11;1;2;17
5;14;1;2;37
9;4;1;2;7
2;17;1;2;13
15;16;1;2;34
7;4;1;2;6
8;7;1;2;31
1;10;1;2;37
6;10;1;2;16
9;20;1;2;3
10;20;1;2;13
7;17;1;2;6
4;5;1;2;9
3;6;1;2;18
16;13;1;2;13
3;19;1;2;28
1;6;1;2;7
12;18;1;2;36
2;15;1;2;25
10;3;1;2;36
13;12;1;2;35
6;10;1;2;23
5;6;1;2;28
6;8;1;2;5
4;4;1;2;17
9;18;1;2;15
10;18;1;2;20
17;1;1;2;18
5;2;1;2;12
2;12;1;2;27
18;4;1;2;30
5;2;1;2;0
9;6;1;2;5
17;11;1;2;12
14;7;1;2;27
12;7;1;2;4

1;1;4;33
2;1;1;77
3;1;2;369
4;1;1;480
5;1;5;503
6;1;10;658
7;1;8;669
8;1;6;697
9;1;5;708
10;1;9;717
11;1;9;773
12;1;4;850
13;1;8;874
14;1;4;919
15;1;6;947
16;1;6;1003
17;1;3;1265
18;1;3;1439
19;1;4;1573
20;1;4;1600
*** EOF ***