**** 93 ****
100
42;33;1;2;460
7;9;1;2;2450
49;10;1;2;2612
50;48;1;2;553
49;11;1;2;577
2;6;1;2;1646
29;12;1;2;1168
49;16;1;2;1171
38;34;1;2;2255
20;32;1;2;98
5;23;1;2;380
17;29;1;2;89
17;30;1;2;1950
29;29;1;2;1497
35;27;1;2;957
14;30;1;2;2862
10;9;1;2;1025
31;9;1;2;2043
2;48;1;2;1926
9;18;1;2;610
7;24;1;2;2084
40;40;1;2;1413
29;6;1;2;694
31;36;1;2;1122
28;22;1;2;1650
37;35;1;2;1880
2;47;1;2;2740
29;27;1;2;548
22;28;1;2;2948
1;38;1;2;2615
11;45;1;2;2738
47;34;1;2;777
12;14;1;2;2534
6;44;1;2;1621
28;23;1;2;1593
31;11;1;2;729
11;14;1;2;325
1;43;1;2;1901
1;16;1;2;980
49;16;1;2;2818
14;28;1;2;1864
4;25;1;2;1147
33;36;1;2;1812
17;44;1;2;2457
41;21;1;2;1931
36;3;1;2;1191
15;13;1;2;1157
41;15;1;2;2149
44;16;1;2;914
25;16;1;2;2732
45;32;1;2;1859
9;35;1;2;1085
8;18;1;2;1823
22;36;1;2;1766
29;28;1;2;2388
10;13;1;2;2341
3;28;1;2;503
10;20;1;2;320
11;13;1;2;1635
28;39;1;2;2100
10;33;1;2;1331
21;43;1;2;2418
7;2;1;2;137
30;23;1;2;0
48;1;1;2;1400
36;12;1;2;214
27;17;1;2;2491
33;28;1;2;260
3;39;1;2;1775
38;18;1;2;1663
40;27;1;2;96
24;47;1;2;2640
42;5;1;2;1092
31;34;1;2;614
5;31;1;2;1017
7;19;1;2;1230
22;45;1;2;2446
13;29;1;2;526
26;31;1;2;266
1;20;1;2;2933
14;12;1;2;2259
12;35;1;2;807
3;28;1;2;2312
47;8;1;2;2947
11;14;1;2;1128
28;21;1;2;298
9;42;1;2;1742
7;6;1;2;1021
33;33;1;2;1453
1;33;1;2;1323
34;49;1;2;786
45;12;1;2;470
3;16;1;2;849
15;12;1;2;1708
12;25;1;2;421
42;4;1;2;1741
40;12;1;2;234
35;21;1;2;1040
8;5;1;2;2122
11;6;1;2;2257

1;1;5;327
2;1;36;340
3;1;46;391
4;1;22;442
5;1;31;615
6;1;15;666
7;1;35;728
8;1;19;788
9;1;37;997
10;1;15;1158
11;1;23;1204
12;1;8;1260
13;1;1;1311
14;1;12;1564
15;1;33;1616
16;1;39;1690
17;1;17;1741
18;1;12;1792
19;1;19;1807
20;1;17;1858
21;1;3;1909
22;1;41;1992
23;1;32;2043
24;1;22;2112
25;1;13;2207
26;1;18;2302
27;1;37;2332
28;1;37;2443
29;1;25;2528
30;1;46;2722
31;1;10;2773
32;1;47;2841
33;1;34;2892
34;1;50;2956
35;1;41;3007
36;1;28;3058
37;1;36;3149
38;1;28;3200
39;1;7;3251
40;1;11;3284
41;1;36;3298
42;1;50;3550
43;1;48;3601
44;1;43;3652
45;1;6;3703
46;1;27;3754
47;1;11;3805
48;1;40;3856
49;1;28;3907
50;1;38;3937
*** EOF ***