**** 95 ****
100
18;3;1;2;726
25;17;1;2;548
17;10;1;2;411
19;37;1;2;2442
38;29;1;2;1574
50;34;1;2;1005
12;23;1;2;2845
3;2;1;2;2525
17;48;1;2;2434
50;50;1;2;1415
12;17;1;2;1467
40;41;1;2;1985
40;7;1;2;2444
1;27;1;2;2133
43;14;1;2;1861
20;15;1;2;1397
27;28;1;2;371
22;31;1;2;475
47;49;1;2;2724
34;50;1;2;673
1;11;1;2;539
20;2;1;2;981
6;42;1;2;1789
2;42;1;2;1216
37;37;1;2;1081
1;6;1;2;1548
48;32;1;2;2275
21;5;1;2;1307
46;4;1;2;705
20;37;1;2;406
43;37;1;2;166
34;8;1;2;1768
17;13;1;2;111
9;17;1;2;902
27;3;1;2;1640
10;3;1;2;547
8;2;1;2;1980
36;23;1;2;2785
43;20;1;2;190
1;42;1;2;2278
7;36;1;2;1464
26;22;1;2;271
46;38;1;2;686
7;48;1;2;2152
11;24;1;2;1506
2;34;1;2;259
1;43;1;2;510
32;28;1;2;2984
19;23;1;2;1804
9;25;1;2;45
37;33;1;2;1732
3;8;1;2;1053
26;5;1;2;2693
14;11;1;2;2440
18;22;1;2;2216
25;25;1;2;101
34;27;1;2;643
44;8;1;2;823
29;28;1;2;1947
35;36;1;2;1721
32;24;1;2;903
14;28;1;2;0
18;6;1;2;817
11;19;1;2;780
3;37;1;2;803
19;11;1;2;2879
22;46;1;2;1555
18;39;1;2;1813
41;19;1;2;1492
40;5;1;2;80
11;36;1;2;2853
16;50;1;2;333
31;17;1;2;1438
1;29;1;2;1206
31;31;1;2;2494
34;2;1;2;104
13;25;1;2;999
20;42;1;2;2690
33;34;1;2;2160
28;23;1;2;1215
8;35;1;2;250
11;3;1;2;1351
44;33;1;2;2219
34;33;1;2;2547
41;13;1;2;2480
35;48;1;2;1233
42;12;1;2;1907
43;32;1;2;2499
35;16;1;2;1182
48;43;1;2;257
13;50;1;2;1091
15;13;1;2;2293
19;6;1;2;1228
38;40;1;2;1360
38;32;1;2;1175
18;18;1;2;1474
3;9;1;2;1786
12;4;1;2;1017
13;38;1;2;1332
46;35;1;2;1577

1;1;23;145
2;1;7;196
3;1;15;330
4;1;39;381
5;1;35;432
6;1;45;483
7;1;24;534
8;1;20;585
9;1;46;636
10;1;11;702
11;1;30;738
12;1;14;875
13;1;15;926
14;1;26;1110
15;1;34;1161
16;1;22;1212
17;1;46;1263
18;1;38;1314
19;1;40;1365
20;1;48;1416
21;1;47;1773
22;1;31;1988
23;1;12;2039
24;1;39;2070
25;1;48;2131
26;1;43;2258
27;1;49;2309
28;1;26;2512
29;1;2;2647
30;1;38;2725
31;1;4;2819
32;1;44;2870
33;1;29;2982
34;1;2;3026
35;1;34;3046
36;1;35;3114
37;1;5;3165
38;1;28;3206
39;1;49;3272
40;1;4;3323
41;1;12;3402
42;1;6;3453
43;1;11;3518
44;1;41;3547
45;1;7;3598
46;1;1;3658
47;1;9;3825
48;1;30;3971
49;1;24;4022
50;1;8;4073
*** EOF ***