**** 30 ****
100
13;19;1;2;99
17;10;1;2;21
15;10;1;2;71
3;6;1;2;22
4;18;1;2;92
20;8;1;2;61
19;7;1;2;86
16;20;1;2;52
4;12;1;2;91
16;9;1;2;22
18;1;1;2;1
9;9;1;2;82
10;3;1;2;43
14;18;1;2;20
16;13;1;2;50
20;4;1;2;77
2;2;1;2;75
20;9;1;2;15
4;5;1;2;66
15;20;1;2;26
17;9;1;2;6
10;17;1;2;26
4;19;1;2;20
7;12;1;2;97
20;7;1;2;89
10;7;1;2;72
19;20;1;2;86
14;11;1;2;94
1;14;1;2;38
7;8;1;2;9
13;16;1;2;57
11;18;1;2;34
17;13;1;2;12
18;12;1;2;63
7;11;1;2;61
17;20;1;2;99
1;10;1;2;90
19;3;1;2;20
14;4;1;2;45
4;2;1;2;4
14;7;1;2;72
3;17;1;2;0
17;6;1;2;73
1;15;1;2;84
16;1;1;2;54
10;9;1;2;85
9;10;1;2;54
20;8;1;2;89
12;13;1;2;4
10;9;1;2;65
14;14;1;2;51
18;16;1;2;20
19;5;1;2;45
13;5;1;2;99
17;13;1;2;31
4;2;1;2;80
9;10;1;2;69
16;1;1;2;88
5;5;1;2;81
1;14;1;2;41
6;19;1;2;74
10;17;1;2;89
10;15;1;2;73
7;19;1;2;90
18;16;1;2;2
9;11;1;2;75
9;19;1;2;56
18;6;1;2;89
19;2;1;2;93
20;2;1;2;18
13;20;1;2;16
7;9;1;2;12
8;10;1;2;59
2;16;1;2;77
4;13;1;2;4
18;1;1;2;94
13;2;1;2;85
1;19;1;2;30
10;9;1;2;24
3;20;1;2;65
1;12;1;2;24
18;18;1;2;4
2;6;1;2;25
1;19;1;2;80
11;14;1;2;24
15;11;1;2;37
2;15;1;2;98
7;7;1;2;28
9;17;1;2;17
13;19;1;2;96
11;12;1;2;8
15;1;1;2;77
12;14;1;2;94
17;7;1;2;32
10;17;1;2;37
6;3;1;2;7
3;4;1;2;73
13;10;1;2;40
2;11;1;2;48
11;3;1;2;38

1;1;16;11
2;1;1;32
3;1;12;53
4;1;19;74
5;1;9;95
6;1;11;116
7;1;3;137
8;1;19;158
9;1;14;179
10;1;18;200
11;1;3;221
12;1;3;242
13;1;1;263
14;1;16;284
15;1;5;305
16;1;18;326
17;1;18;347
18;1;20;368
19;1;17;389
20;1;2;410
21;1;2;431
22;1;6;452
23;1;2;473
24;1;3;494
25;1;10;515
26;1;2;536
27;1;13;557
28;1;9;578
29;1;9;599
30;1;6;620
31;1;6;641
32;1;5;662
33;1;10;683
34;1;12;704
35;1;13;725
36;1;14;746
37;1;18;767
38;1;10;788
39;1;20;809
40;1;19;830
*** EOF ***