**** 28 ****
100
2;14;1;2;89
14;13;1;2;98
13;6;1;2;31
16;19;1;2;32
4;7;1;2;53
5;11;1;2;90
12;2;1;2;57
16;18;1;2;2
19;7;1;2;4
1;11;1;2;84
18;13;1;2;97
7;18;1;2;2
17;11;1;2;59
1;6;1;2;57
5;1;1;2;16
18;17;1;2;86
1;20;1;2;67
10;15;1;2;37
4;5;1;2;43
1;6;1;2;26
5;3;1;2;78
15;1;1;2;95
17;17;1;2;37
16;9;1;2;54
6;13;1;2;47
2;3;1;2;23
8;15;1;2;23
7;4;1;2;17
16;20;1;2;42
20;20;1;2;39
6;16;1;2;21
16;10;1;2;81
3;18;1;2;69
1;6;1;2;18
15;11;1;2;62
2;12;1;2;4
18;11;1;2;38
1;17;1;2;74
10;13;1;2;65
4;4;1;2;64
3;1;1;2;11
16;16;1;2;53
9;18;1;2;90
19;10;1;2;35
9;17;1;2;45
11;10;1;2;88
8;7;1;2;50
18;19;1;2;99
12;1;1;2;23
9;4;1;2;66
5;19;1;2;58
17;14;1;2;73
10;3;1;2;62
20;13;1;2;64
8;1;1;2;80
5;3;1;2;9
6;10;1;2;28
16;20;1;2;58
15;3;1;2;18
18;12;1;2;2
16;16;1;2;52
14;12;1;2;37
19;13;1;2;39
14;5;1;2;83
18;12;1;2;35
10;8;1;2;58
11;13;1;2;59
19;1;1;2;78
18;7;1;2;41
16;5;1;2;64
10;12;1;2;59
14;18;1;2;43
12;16;1;2;15
3;1;1;2;19
7;18;1;2;42
2;7;1;2;30
12;18;1;2;74
4;8;1;2;74
14;17;1;2;81
7;5;1;2;17
11;14;1;2;0
3;8;1;2;37
6;11;1;2;5
13;13;1;2;65
13;11;1;2;35
7;13;1;2;93
17;16;1;2;50
4;11;1;2;90
18;5;1;2;66
11;11;1;2;50
8;14;1;2;96
9;16;1;2;3
18;1;1;2;65
3;13;1;2;17
1;17;1;2;48
16;4;1;2;92
9;12;1;2;59
12;7;1;2;10
2;5;1;2;74
20;15;1;2;96

1;1;7;6
2;1;8;27
3;1;20;48
4;1;10;69
5;1;7;90
6;1;3;111
7;1;4;132
8;1;8;153
9;1;12;174
10;1;5;195
11;1;14;216
12;1;15;237
13;1;15;258
14;1;12;279
15;1;15;300
16;1;11;321
17;1;12;342
18;1;6;363
19;1;19;384
20;1;14;405
21;1;11;426
22;1;5;447
23;1;14;468
24;1;19;489
25;1;11;510
26;1;18;531
27;1;13;552
28;1;1;573
29;1;15;594
30;1;15;615
31;1;15;636
32;1;10;657
33;1;19;678
34;1;8;699
35;1;9;720
36;1;10;741
37;1;7;762
38;1;12;783
39;1;7;804
40;1;18;825
*** EOF ***