**** 11 ****
100
19;20;1;2;16
18;6;1;2;84
19;18;1;2;28
16;2;1;2;93
20;1;1;2;53
12;20;1;2;13
12;6;1;2;39
16;10;1;2;8
15;6;1;2;81
10;3;1;2;75
6;13;1;2;6
2;3;1;2;31
19;1;1;2;49
19;16;1;2;42
12;7;1;2;2
17;18;1;2;94
2;2;1;2;39
1;17;1;2;49
1;11;1;2;86
2;13;1;2;80
10;18;1;2;73
16;12;1;2;27
8;2;1;2;47
9;20;1;2;54
11;3;1;2;60
5;19;1;2;29
19;20;1;2;30
19;12;1;2;78
8;12;1;2;9
6;5;1;2;1
7;14;1;2;90
20;2;1;2;41
19;9;1;2;42
6;9;1;2;21
12;19;1;2;23
4;3;1;2;53
13;14;1;2;24
16;12;1;2;75
14;11;1;2;66
15;16;1;2;83
8;2;1;2;96
19;13;1;2;17
20;11;1;2;77
15;8;1;2;25
16;19;1;2;55
12;2;1;2;70
5;7;1;2;63
10;2;1;2;26
5;7;1;2;8
4;2;1;2;43
7;1;1;2;17
15;19;1;2;0
13;11;1;2;24
2;5;1;2;31
20;20;1;2;82
7;11;1;2;35
17;8;1;2;21
12;17;1;2;74
10;1;1;2;21
18;16;1;2;74
14;2;1;2;86
11;17;1;2;45
12;1;1;2;95
16;2;1;2;31
20;1;1;2;22
2;8;1;2;45
17;16;1;2;52
11;20;1;2;68
17;9;1;2;20
10;7;1;2;76
16;20;1;2;69
3;2;1;2;45
8;5;1;2;77
15;13;1;2;39
6;12;1;2;11
20;5;1;2;50
5;13;1;2;78
17;15;1;2;57
17;12;1;2;65
18;1;1;2;63
6;17;1;2;94
15;19;1;2;27
13;18;1;2;12
10;12;1;2;24
1;9;1;2;47
13;8;1;2;63
15;13;1;2;7
13;1;1;2;2
2;10;1;2;73
20;19;1;2;45
15;4;1;2;41
10;10;1;2;51
17;14;1;2;68
1;4;1;2;39
17;16;1;2;99
16;20;1;2;19
19;15;1;2;43
7;19;1;2;23
9;13;1;2;32
14;12;1;2;90

1;1;13;8
2;1;19;27
3;1;15;48
4;1;14;69
5;1;13;130
6;1;4;225
7;1;6;303
8;1;15;365
9;1;5;446
10;1;4;506
11;1;17;536
12;1;11;567
13;1;16;640
14;1;6;661
15;1;8;691
16;1;13;722
17;1;8;757
18;1;16;848
19;1;6;952
20;1;9;973
21;1;20;994
22;1;16;1015
23;1;6;1036
24;1;7;1057
25;1;18;1103
26;1;19;1185
27;1;1;1206
28;1;16;1227
29;1;4;1248
30;1;4;1310
31;1;11;1334
32;1;14;1355
33;1;13;1385
34;1;17;1419
35;1;6;1440
36;1;11;1504
37;1;17;1545
38;1;4;1566
39;1;17;1587
40;1;3;1608
*** EOF ***