**** 18 ****
100
11;1;1;2;69
6;19;1;2;51
13;8;1;2;1
18;3;1;2;93
18;13;1;2;86
7;11;1;2;24
16;4;1;2;59
14;18;1;2;21
13;4;1;2;18
13;2;1;2;57
1;12;1;2;97
2;10;1;2;87
13;2;1;2;46
6;11;1;2;69
12;8;1;2;33
18;6;1;2;35
15;2;1;2;30
14;7;1;2;59
15;12;1;2;43
13;16;1;2;44
3;16;1;2;68
12;18;1;2;77
20;2;1;2;90
6;8;1;2;41
7;19;1;2;40
12;8;1;2;6
19;2;1;2;79
10;16;1;2;45
9;10;1;2;76
12;15;1;2;71
9;9;1;2;39
9;20;1;2;96
6;11;1;2;97
8;17;1;2;96
9;15;1;2;34
2;19;1;2;54
8;17;1;2;75
7;6;1;2;10
12;15;1;2;32
1;18;1;2;58
4;18;1;2;46
3;6;1;2;97
11;3;1;2;48
9;3;1;2;96
17;3;1;2;62
4;4;1;2;80
18;11;1;2;37
13;17;1;2;14
16;1;1;2;68
20;1;1;2;98
18;4;1;2;47
16;19;1;2;85
13;9;1;2;39
1;9;1;2;1
17;6;1;2;64
20;9;1;2;67
12;6;1;2;70
9;10;1;2;46
4;17;1;2;98
4;16;1;2;98
14;5;1;2;74
2;20;1;2;12
19;5;1;2;12
18;5;1;2;21
12;14;1;2;86
16;5;1;2;46
15;16;1;2;3
5;17;1;2;32
4;12;1;2;1
2;7;1;2;88
13;1;1;2;53
19;14;1;2;44
3;12;1;2;8
15;1;1;2;45
16;12;1;2;98
14;19;1;2;34
20;14;1;2;81
3;10;1;2;77
8;13;1;2;88
9;7;1;2;35
17;11;1;2;67
2;1;1;2;80
19;3;1;2;63
7;9;1;2;3
12;5;1;2;7
2;10;1;2;85
16;10;1;2;10
18;12;1;2;0
7;11;1;2;4
16;19;1;2;22
3;8;1;2;52
2;9;1;2;72
2;7;1;2;46
17;6;1;2;35
12;9;1;2;11
19;11;1;2;60
17;18;1;2;29
7;15;1;2;73
19;2;1;2;23
4;9;1;2;34

1;1;10;77
2;1;9;113
3;1;4;137
4;1;4;158
5;1;19;205
6;1;8;226
7;1;17;298
8;1;14;382
9;1;3;403
10;1;11;424
11;1;14;445
12;1;16;466
13;1;10;516
14;1;8;528
15;1;10;549
16;1;6;570
17;1;13;591
18;1;12;612
19;1;10;633
20;1;4;662
21;1;10;683
22;1;20;748
23;1;18;778
24;1;15;818
25;1;12;857
26;1;6;905
27;1;17;926
28;1;2;947
29;1;20;961
30;1;3;1012
31;1;18;1037
32;1;5;1107
33;1;17;1119
34;1;3;1140
35;1;10;1286
36;1;20;1313
37;1;8;1450
38;1;3;1465
39;1;16;1479
40;1;13;1575
*** EOF ***