**** 10 ****
100
6;3;1;2;38
12;11;1;2;6
1;18;1;2;24
15;20;1;2;37
8;20;1;2;20
3;20;1;2;5
9;1;1;2;2
1;16;1;2;28
4;2;1;2;15
6;3;1;2;12
3;20;1;2;34
1;11;1;2;16
8;4;1;2;13
12;18;1;2;13
1;18;1;2;24
1;12;1;2;23
18;20;1;2;3
13;12;1;2;31
13;8;1;2;12
8;5;1;2;34
20;7;1;2;34
14;7;1;2;36
11;14;1;2;19
4;17;1;2;17
9;9;1;2;6
13;9;1;2;17
17;19;1;2;28
12;11;1;2;19
15;3;1;2;18
7;10;1;2;2
14;10;1;2;8
8;15;1;2;35
4;5;1;2;8
4;1;1;2;17
13;9;1;2;25
11;14;1;2;6
8;2;1;2;4
16;13;1;2;6
7;8;1;2;8
6;6;1;2;9
8;19;1;2;30
17;6;1;2;25
4;2;1;2;1
4;17;1;2;13
1;1;1;2;34
7;11;1;2;7
13;18;1;2;28
9;5;1;2;12
15;11;1;2;31
15;8;1;2;17
16;16;1;2;35
7;4;1;2;33
4;7;1;2;6
17;10;1;2;22
11;3;1;2;2
17;1;1;2;24
4;5;1;2;0
4;13;1;2;17
16;19;1;2;27
8;5;1;2;35
17;20;1;2;2
12;18;1;2;17
17;1;1;2;3
3;10;1;2;24
17;12;1;2;26
11;8;1;2;18
15;3;1;2;22
8;6;1;2;34
5;13;1;2;4
13;20;1;2;28
20;8;1;2;28
14;12;1;2;25
11;8;1;2;38
6;3;1;2;27
2;19;1;2;30
1;2;1;2;9
19;16;1;2;11
2;4;1;2;8
16;8;1;2;20
1;12;1;2;32
1;3;1;2;19
9;16;1;2;10
7;18;1;2;30
5;3;1;2;12
4;5;1;2;2
14;5;1;2;35
3;3;1;2;31
6;16;1;2;14
14;12;1;2;33
6;4;1;2;5
18;4;1;2;19
18;5;1;2;15
20;11;1;2;24
10;7;1;2;27
14;10;1;2;23
9;15;1;2;39
4;9;1;2;13
7;14;1;2;9
13;19;1;2;12
7;4;1;2;27

1;1;7;18
2;1;4;68
3;1;9;288
4;1;6;325
5;1;7;654
6;1;3;697
7;1;3;762
8;1;3;767
9;1;2;934
10;1;3;992
11;1;3;1083
12;1;5;1101
13;1;3;1109
14;1;5;1118
15;1;8;1234
16;1;2;1245
17;1;2;1278
18;1;8;1301
19;1;7;1315
20;1;3;1368
*** EOF ***