**** 13 ****
100
9;10;1;2;86
1;20;1;2;72
7;9;1;2;67
7;7;1;2;52
14;20;1;2;78
5;15;1;2;90
15;3;1;2;85
14;14;1;2;8
1;2;1;2;70
19;12;1;2;99
16;13;1;2;0
14;13;1;2;19
19;12;1;2;20
6;10;1;2;46
18;3;1;2;65
8;20;1;2;52
19;14;1;2;54
16;19;1;2;60
16;19;1;2;61
6;9;1;2;45
17;16;1;2;37
17;10;1;2;49
8;20;1;2;92
8;5;1;2;21
6;15;1;2;76
4;2;1;2;75
16;12;1;2;8
2;19;1;2;58
2;14;1;2;9
4;11;1;2;17
9;7;1;2;45
18;15;1;2;26
7;3;1;2;85
20;2;1;2;89
13;20;1;2;95
9;3;1;2;29
4;10;1;2;80
4;11;1;2;39
3;13;1;2;64
12;8;1;2;75
1;16;1;2;21
6;5;1;2;8
12;11;1;2;50
17;2;1;2;23
19;15;1;2;22
6;3;1;2;64
15;19;1;2;53
16;2;1;2;96
7;4;1;2;48
11;15;1;2;75
6;16;1;2;22
20;13;1;2;26
8;5;1;2;88
10;13;1;2;2
13;3;1;2;36
8;9;1;2;70
12;3;1;2;80
18;18;1;2;22
14;16;1;2;5
14;7;1;2;92
9;4;1;2;99
11;15;1;2;71
17;2;1;2;87
17;3;1;2;32
19;8;1;2;94
7;15;1;2;22
10;18;1;2;97
10;15;1;2;46
12;20;1;2;62
18;13;1;2;60
2;13;1;2;63
1;3;1;2;98
4;11;1;2;71
12;8;1;2;86
16;6;1;2;13
10;5;1;2;27
5;14;1;2;96
2;3;1;2;23
8;15;1;2;2
2;4;1;2;87
2;5;1;2;99
6;17;1;2;14
16;20;1;2;4
19;3;1;2;63
5;18;1;2;41
10;20;1;2;25
9;4;1;2;38
6;5;1;2;60
9;4;1;2;66
3;6;1;2;9
2;7;1;2;85
14;4;1;2;93
8;11;1;2;53
4;10;1;2;7
8;6;1;2;37
9;8;1;2;36
14;16;1;2;79
12;13;1;2;15
4;1;1;2;38
11;16;1;2;15

1;1;5;10
2;1;14;100
3;1;1;118
4;1;18;174
5;1;4;208
6;1;14;226
7;1;17;247
8;1;1;268
9;1;9;289
10;1;13;310
11;1;6;331
12;1;20;352
13;1;4;373
14;1;8;416
15;1;19;425
16;1;20;602
17;1;2;668
18;1;2;673
19;1;18;707
20;1;2;728
21;1;17;824
22;1;12;999
23;1;16;1013
24;1;13;1041
25;1;3;1062
26;1;16;1083
27;1;14;1104
28;1;20;1155
29;1;19;1176
30;1;3;1205
31;1;8;1214
32;1;16;1225
33;1;10;1297
34;1;17;1330
35;1;20;1368
36;1;10;1389
37;1;12;1410
38;1;20;1512
39;1;19;1587
40;1;9;1608
*** EOF ***