**** 96 ****
100
19;43;1;2;2629
15;25;1;2;2366
50;19;1;2;2957
40;50;1;2;872
38;26;1;2;2010
3;39;1;2;2462
18;43;1;2;550
12;45;1;2;1426
48;3;1;2;907
16;35;1;2;2804
41;6;1;2;1649
20;20;1;2;1875
36;20;1;2;1143
45;11;1;2;2744
18;48;1;2;1322
30;2;1;2;2560
42;19;1;2;0
44;33;1;2;2248
21;30;1;2;1150
30;47;1;2;2437
37;37;1;2;2892
36;8;1;2;1663
11;45;1;2;582
6;39;1;2;1842
50;8;1;2;2791
22;38;1;2;2992
34;31;1;2;1213
38;25;1;2;2847
36;47;1;2;2326
37;26;1;2;2324
24;14;1;2;562
18;49;1;2;2669
31;11;1;2;2363
14;16;1;2;2953
8;16;1;2;1961
2;37;1;2;2100
46;23;1;2;2480
11;10;1;2;1356
8;46;1;2;2802
36;32;1;2;2430
12;7;1;2;395
24;24;1;2;644
45;4;1;2;2754
8;19;1;2;2222
14;29;1;2;1087
25;32;1;2;1375
27;27;1;2;2647
7;38;1;2;2257
16;47;1;2;2452
20;35;1;2;1735
2;46;1;2;2191
48;22;1;2;1416
44;16;1;2;369
50;26;1;2;690
22;39;1;2;868
11;15;1;2;1399
39;41;1;2;2627
36;49;1;2;2766
45;16;1;2;1663
49;36;1;2;2699
34;37;1;2;1494
27;36;1;2;2315
43;29;1;2;2183
15;31;1;2;108
5;2;1;2;2396
25;15;1;2;2712
24;3;1;2;2452
1;38;1;2;2152
18;35;1;2;2818
33;33;1;2;1955
32;19;1;2;1993
28;47;1;2;329
46;42;1;2;1309
29;6;1;2;1689
39;12;1;2;1043
37;38;1;2;457
49;11;1;2;1659
3;13;1;2;1648
7;32;1;2;34
27;16;1;2;1917
32;49;1;2;1087
26;29;1;2;2383
7;24;1;2;1926
18;4;1;2;2733
10;44;1;2;2494
3;30;1;2;133
10;30;1;2;1993
21;32;1;2;2758
21;40;1;2;1841
6;17;1;2;1259
25;48;1;2;357
12;25;1;2;1335
47;31;1;2;860
26;1;1;2;1115
9;10;1;2;2208
6;12;1;2;1239
39;23;1;2;568
35;45;1;2;351
45;15;1;2;2741
36;20;1;2;1907

1;1;39;12
2;1;22;283
3;1;14;334
4;1;36;400
5;1;47;440
6;1;1;491
7;1;35;542
8;1;31;593
9;1;35;686
10;1;29;737
11;1;45;788
12;1;40;839
13;1;3;890
14;1;16;941
15;1;31;973
16;1;40;1032
17;1;33;1077
18;1;38;1270
19;1;6;1344
20;1;17;1452
21;1;32;1561
22;1;29;1612
23;1;4;1663
24;1;31;1698
25;1;14;1911
26;1;26;2055
27;1;20;2106
28;1;47;2140
29;1;5;2191
30;1;2;2223
31;1;33;2414
32;1;35;2472
33;1;41;2534
34;1;41;2703
35;1;25;2754
36;1;13;2805
37;1;40;2856
38;1;17;2946
39;1;39;3024
40;1;48;3075
41;1;36;3126
42;1;13;3177
43;1;13;3228
44;1;42;3279
45;1;18;3330
46;1;44;3381
47;1;21;3505
48;1;39;3556
49;1;14;3685
50;1;11;3821
*** EOF ***