**** 19 ****
100
3;10;1;2;90
18;16;1;2;11
10;13;1;2;88
3;14;1;2;77
19;18;1;2;53
1;2;1;2;10
17;5;1;2;63
15;5;1;2;9
1;7;1;2;85
2;5;1;2;62
20;19;1;2;12
2;16;1;2;79
14;6;1;2;51
14;20;1;2;76
3;11;1;2;34
17;11;1;2;87
19;8;1;2;43
2;14;1;2;48
11;15;1;2;74
9;8;1;2;90
11;19;1;2;8
15;1;1;2;56
14;6;1;2;13
18;19;1;2;84
14;2;1;2;74
20;10;1;2;37
19;8;1;2;64
3;9;1;2;29
11;11;1;2;55
17;11;1;2;0
8;2;1;2;93
8;8;1;2;13
4;14;1;2;78
17;11;1;2;29
2;16;1;2;90
8;8;1;2;71
5;6;1;2;78
1;20;1;2;78
3;2;1;2;80
18;19;1;2;71
13;6;1;2;64
7;13;1;2;23
12;9;1;2;76
3;5;1;2;78
12;18;1;2;54
14;18;1;2;93
5;2;1;2;30
15;15;1;2;10
13;17;1;2;31
5;6;1;2;21
8;11;1;2;66
12;9;1;2;31
16;20;1;2;19
12;14;1;2;95
3;5;1;2;45
17;10;1;2;42
2;14;1;2;75
12;20;1;2;9
14;4;1;2;77
6;9;1;2;83
7;16;1;2;85
6;20;1;2;73
9;15;1;2;64
8;18;1;2;38
15;20;1;2;74
20;8;1;2;64
14;9;1;2;29
10;1;1;2;49
11;6;1;2;52
9;11;1;2;72
4;10;1;2;28
9;7;1;2;87
14;15;1;2;73
18;14;1;2;10
8;20;1;2;82
15;20;1;2;89
11;5;1;2;30
20;14;1;2;82
1;17;1;2;7
6;5;1;2;90
18;8;1;2;51
18;8;1;2;57
17;13;1;2;43
10;10;1;2;28
13;10;1;2;7
7;4;1;2;26
16;6;1;2;31
18;5;1;2;96
20;18;1;2;32
20;3;1;2;68
10;12;1;2;87
1;10;1;2;74
10;6;1;2;6
13;8;1;2;48
1;12;1;2;89
8;18;1;2;4
7;5;1;2;9
10;3;1;2;85
18;14;1;2;82
3;13;1;2;4

1;1;3;9
2;1;3;20
3;1;20;98
4;1;1;119
5;1;7;140
6;1;5;177
7;1;2;303
8;1;13;352
9;1;7;373
10;1;19;394
11;1;8;495
12;1;19;563
13;1;16;597
14;1;4;618
15;1;17;639
16;1;19;660
17;1;18;681
18;1;5;702
19;1;2;795
20;1;18;798
21;1;14;845
22;1;8;866
23;1;14;934
24;1;15;953
25;1;14;974
26;1;1;1050
27;1;18;1058
28;1;13;1169
29;1;12;1255
30;1;20;1277
31;1;2;1298
32;1;4;1319
33;1;2;1340
34;1;19;1361
35;1;14;1451
36;1;15;1472
37;1;14;1493
38;1;10;1514
39;1;15;1565
40;1;18;1592
*** EOF ***