**** 5 ****
100
7;19;1;2;38
19;19;1;2;21
8;17;1;2;2
16;16;1;2;37
5;8;1;2;24
12;20;1;2;16
13;4;1;2;27
18;1;1;2;31
17;11;1;2;39
14;6;1;2;23
3;12;1;2;21
14;3;1;2;31
15;10;1;2;0
9;17;1;2;27
6;1;1;2;14
3;12;1;2;14
19;4;1;2;9
7;13;1;2;9
18;1;1;2;32
10;14;1;2;17
13;17;1;2;20
6;10;1;2;2
18;16;1;2;24
18;17;1;2;20
5;14;1;2;33
12;16;1;2;16
18;7;1;2;12
7;5;1;2;4
9;2;1;2;5
13;3;1;2;10
2;15;1;2;6
2;13;1;2;7
5;10;1;2;35
9;19;1;2;11
1;15;1;2;4
14;18;1;2;32
11;15;1;2;38
3;14;1;2;2
19;2;1;2;35
16;6;1;2;10
7;7;1;2;4
5;8;1;2;16
5;4;1;2;37
12;12;1;2;27
3;5;1;2;14
19;10;1;2;11
3;20;1;2;18
1;14;1;2;11
15;5;1;2;24
3;12;1;2;9
13;18;1;2;15
9;15;1;2;14
18;11;1;2;18
7;2;1;2;1
7;16;1;2;25
1;14;1;2;35
4;17;1;2;6
2;9;1;2;32
5;16;1;2;36
9;18;1;2;7
18;2;1;2;37
5;2;1;2;3
20;19;1;2;33
10;6;1;2;34
11;4;1;2;1
17;4;1;2;34
4;19;1;2;22
2;13;1;2;3
14;17;1;2;18
2;6;1;2;7
2;15;1;2;28
19;12;1;2;29
14;3;1;2;20
7;12;1;2;37
13;2;1;2;20
14;10;1;2;15
20;13;1;2;33
15;15;1;2;37
18;20;1;2;14
8;2;1;2;11
15;3;1;2;37
15;13;1;2;28
16;6;1;2;22
16;12;1;2;13
5;16;1;2;27
5;1;1;2;16
12;20;1;2;1
6;6;1;2;27
3;3;1;2;6
9;2;1;2;7
20;8;1;2;21
10;2;1;2;13
18;10;1;2;10
13;5;1;2;13
6;2;1;2;8
13;6;1;2;28
2;18;1;2;20
3;15;1;2;5
10;9;1;2;20
8;18;1;2;1

1;1;2;72
2;1;7;75
3;1;7;166
4;1;3;202
5;1;7;274
6;1;10;309
7;1;10;475
8;1;3;530
9;1;10;605
10;1;10;649
11;1;9;666
12;1;10;740
13;1;5;751
14;1;7;903
15;1;8;999
16;1;9;1012
17;1;9;1164
18;1;4;1349
19;1;8;1393
20;1;1;1572
*** EOF ***