**** 17 ****
100
5;16;1;2;37
20;1;1;2;74
4;10;1;2;7
14;15;1;2;29
10;16;1;2;51
13;4;1;2;43
17;1;1;2;59
19;9;1;2;61
6;12;1;2;50
7;13;1;2;63
8;9;1;2;38
17;20;1;2;10
11;4;1;2;72
19;17;1;2;38
20;18;1;2;73
11;10;1;2;57
6;6;1;2;17
5;4;1;2;57
18;1;1;2;49
20;20;1;2;61
4;19;1;2;41
14;15;1;2;0
5;17;1;2;95
17;15;1;2;52
15;6;1;2;29
20;16;1;2;31
17;14;1;2;56
6;18;1;2;72
4;8;1;2;44
13;7;1;2;43
6;2;1;2;13
7;16;1;2;87
19;20;1;2;44
15;8;1;2;90
19;14;1;2;56
20;13;1;2;43
11;2;1;2;96
20;7;1;2;26
12;10;1;2;93
8;14;1;2;51
4;19;1;2;13
17;5;1;2;68
5;4;1;2;79
1;18;1;2;18
11;8;1;2;71
19;7;1;2;15
15;18;1;2;56
11;17;1;2;63
9;20;1;2;44
2;7;1;2;98
6;10;1;2;88
19;19;1;2;53
19;15;1;2;48
18;15;1;2;17
16;17;1;2;64
19;8;1;2;70
14;2;1;2;19
11;12;1;2;67
6;1;1;2;86
2;14;1;2;25
12;19;1;2;26
1;9;1;2;4
6;7;1;2;98
14;16;1;2;52
3;3;1;2;61
7;1;1;2;28
9;7;1;2;1
1;17;1;2;72
8;14;1;2;24
7;15;1;2;50
12;19;1;2;0
18;19;1;2;41
3;4;1;2;87
1;9;1;2;75
6;11;1;2;17
19;9;1;2;90
19;9;1;2;56
20;9;1;2;24
4;9;1;2;57
1;15;1;2;3
11;6;1;2;61
3;3;1;2;71
4;17;1;2;34
4;10;1;2;2
19;7;1;2;44
8;5;1;2;72
10;15;1;2;61
6;14;1;2;81
10;17;1;2;49
19;17;1;2;55
15;19;1;2;20
8;2;1;2;75
20;17;1;2;23
6;20;1;2;12
1;10;1;2;98
5;18;1;2;94
18;7;1;2;28
11;5;1;2;53
4;6;1;2;90
14;17;1;2;18

1;1;7;80
2;1;16;101
3;1;15;122
4;1;1;150
5;1;12;185
6;1;12;200
7;1;13;267
8;1;17;294
9;1;15;315
10;1;2;336
11;1;12;351
12;1;8;386
13;1;5;403
14;1;1;424
15;1;2;445
16;1;19;466
17;1;2;542
18;1;1;561
19;1;2;565
20;1;14;620
21;1;15;692
22;1;9;753
23;1;15;813
24;1;15;848
25;1;7;880
26;1;2;985
27;1;19;999
28;1;20;1020
29;1;11;1082
30;1;14;1098
31;1;4;1162
32;1;9;1203
33;1;18;1249
34;1;11;1270
35;1;16;1291
36;1;9;1312
37;1;8;1333
38;1;12;1366
39;1;7;1485
40;1;1;1603
*** EOF ***