**** 21 ****
100
2;6;1;2;41
17;2;1;2;15
10;3;1;2;8
4;7;1;2;27
7;13;1;2;89
12;20;1;2;87
20;8;1;2;73
12;13;1;2;6
12;18;1;2;79
16;5;1;2;60
9;18;1;2;57
3;14;1;2;98
18;15;1;2;32
19;11;1;2;58
18;17;1;2;11
8;8;1;2;82
15;7;1;2;90
8;11;1;2;54
6;2;1;2;71
5;9;1;2;47
17;10;1;2;24
6;12;1;2;9
4;1;1;2;84
16;19;1;2;46
7;17;1;2;42
18;4;1;2;82
20;10;1;2;20
10;9;1;2;10
4;14;1;2;83
7;10;1;2;32
6;19;1;2;1
2;4;1;2;84
12;20;1;2;44
8;15;1;2;43
14;13;1;2;11
8;10;1;2;86
2;10;1;2;55
3;11;1;2;95
5;15;1;2;60
9;13;1;2;29
13;19;1;2;67
6;20;1;2;83
10;11;1;2;22
14;10;1;2;68
9;15;1;2;81
20;3;1;2;70
6;4;1;2;71
13;18;1;2;22
20;3;1;2;28
20;3;1;2;60
2;15;1;2;18
9;12;1;2;78
4;1;1;2;0
6;6;1;2;22
15;15;1;2;36
16;6;1;2;38
18;12;1;2;14
10;16;1;2;31
4;8;1;2;53
12;7;1;2;15
12;8;1;2;1
3;9;1;2;64
13;12;1;2;84
5;18;1;2;62
7;4;1;2;36
4;11;1;2;21
14;8;1;2;4
20;17;1;2;92
12;12;1;2;79
17;3;1;2;25
5;7;1;2;65
18;1;1;2;65
3;13;1;2;8
19;9;1;2;17
1;16;1;2;60
17;11;1;2;70
11;16;1;2;70
15;16;1;2;78
7;19;1;2;70
18;15;1;2;72
16;11;1;2;50
1;9;1;2;70
18;11;1;2;62
6;1;1;2;31
4;2;1;2;98
16;18;1;2;0
19;20;1;2;75
9;15;1;2;42
7;13;1;2;80
17;11;1;2;47
2;6;1;2;57
12;18;1;2;17
3;15;1;2;39
5;12;1;2;60
8;15;1;2;41
18;3;1;2;70
18;1;1;2;70
6;9;1;2;44
8;15;1;2;88
1;4;1;2;30

1;1;8;15
2;1;19;36
3;1;4;57
4;1;13;78
5;1;14;99
6;1;14;120
7;1;15;141
8;1;14;162
9;1;8;183
10;1;9;204
11;1;12;225
12;1;9;246
13;1;15;267
14;1;10;288
15;1;18;309
16;1;9;330
17;1;4;351
18;1;13;372
19;1;20;393
20;1;4;414
21;1;8;435
22;1;8;456
23;1;17;477
24;1;5;498
25;1;16;519
26;1;11;540
27;1;12;561
28;1;19;582
29;1;14;603
30;1;18;624
31;1;20;645
32;1;9;666
33;1;14;687
34;1;3;708
35;1;16;729
36;1;5;750
37;1;17;771
38;1;5;792
39;1;17;813
40;1;5;834
*** EOF ***