**** 15 ****
100
11;9;1;2;28
17;4;1;2;99
17;14;1;2;72
9;7;1;2;40
20;3;1;2;6
15;19;1;2;30
16;12;1;2;35
10;9;1;2;85
12;9;1;2;22
4;20;1;2;22
1;3;1;2;23
2;11;1;2;26
13;7;1;2;11
5;7;1;2;37
5;18;1;2;92
4;12;1;2;42
6;8;1;2;33
13;9;1;2;82
11;20;1;2;22
13;3;1;2;62
8;16;1;2;96
11;17;1;2;26
9;9;1;2;12
20;13;1;2;70
10;9;1;2;8
14;4;1;2;51
16;2;1;2;70
10;14;1;2;58
4;4;1;2;50
6;9;1;2;24
20;16;1;2;31
16;18;1;2;99
2;18;1;2;27
6;17;1;2;91
9;18;1;2;32
9;11;1;2;7
20;7;1;2;48
3;8;1;2;94
13;11;1;2;29
3;8;1;2;29
20;20;1;2;64
3;7;1;2;13
3;1;1;2;50
2;6;1;2;39
6;6;1;2;68
10;14;1;2;79
17;6;1;2;17
18;8;1;2;64
4;20;1;2;6
5;15;1;2;13
15;6;1;2;4
11;8;1;2;71
17;2;1;2;91
19;4;1;2;28
10;1;1;2;54
19;10;1;2;79
10;18;1;2;4
7;7;1;2;3
3;2;1;2;35
9;7;1;2;0
14;13;1;2;26
19;15;1;2;45
10;11;1;2;59
13;2;1;2;94
1;11;1;2;94
15;9;1;2;43
15;18;1;2;52
11;16;1;2;19
15;10;1;2;40
2;18;1;2;98
3;4;1;2;22
1;2;1;2;77
18;3;1;2;79
17;15;1;2;80
11;15;1;2;71
5;2;1;2;71
20;8;1;2;9
13;18;1;2;56
4;4;1;2;26
4;5;1;2;75
15;19;1;2;18
17;19;1;2;11
14;9;1;2;73
14;5;1;2;99
14;8;1;2;14
17;4;1;2;27
9;4;1;2;14
10;8;1;2;83
6;11;1;2;39
4;6;1;2;63
12;20;1;2;14
10;9;1;2;12
14;2;1;2;12
7;7;1;2;17
7;13;1;2;76
13;9;1;2;79
12;9;1;2;74
6;18;1;2;13
1;16;1;2;15
20;19;1;2;21

1;1;6;69
2;1;13;127
3;1;9;149
4;1;20;161
5;1;10;182
6;1;11;203
7;1;8;224
8;1;17;245
9;1;10;266
10;1;2;370
11;1;2;393
12;1;13;426
13;1;2;540
14;1;1;576
15;1;4;625
16;1;15;636
17;1;17;717
18;1;1;743
19;1;1;800
20;1;19;803
21;1;7;824
22;1;15;841
23;1;12;897
24;1;10;918
25;1;4;1097
26;1;15;1131
27;1;20;1152
28;1;13;1173
29;1;18;1194
30;1;14;1285
31;1;12;1306
32;1;4;1327
33;1;16;1399
34;1;6;1447
35;1;5;1540
36;1;10;1558
37;1;5;1579
38;1;19;1600
39;1;11;1621
40;1;1;1642
*** EOF ***