**** 9 ****
100
7;7;1;2;10
18;18;1;2;18
15;11;1;2;17
10;4;1;2;32
14;16;1;2;30
2;1;1;2;23
10;10;1;2;10
12;9;1;2;29
16;19;1;2;36
17;20;1;2;34
16;19;1;2;32
18;8;1;2;21
16;14;1;2;11
14;4;1;2;26
18;9;1;2;21
8;10;1;2;14
12;20;1;2;3
2;3;1;2;23
3;11;1;2;13
19;19;1;2;13
13;15;1;2;3
17;12;1;2;30
19;20;1;2;15
10;5;1;2;18
17;2;1;2;38
10;10;1;2;8
4;1;1;2;19
20;14;1;2;33
3;17;1;2;23
9;15;1;2;14
14;20;1;2;28
17;16;1;2;11
19;14;1;2;22
14;16;1;2;6
5;12;1;2;28
3;1;1;2;29
3;17;1;2;9
14;8;1;2;34
8;2;1;2;22
3;10;1;2;9
17;3;1;2;28
17;11;1;2;15
1;9;1;2;1
3;15;1;2;28
10;19;1;2;19
10;13;1;2;11
19;16;1;2;19
20;9;1;2;6
6;8;1;2;20
9;11;1;2;9
18;19;1;2;12
18;16;1;2;22
5;16;1;2;23
18;18;1;2;37
6;19;1;2;27
5;20;1;2;39
9;18;1;2;26
8;9;1;2;15
7;15;1;2;14
7;3;1;2;24
8;12;1;2;3
20;1;1;2;10
15;5;1;2;25
10;15;1;2;14
7;20;1;2;25
6;17;1;2;4
5;5;1;2;22
12;4;1;2;30
19;2;1;2;16
13;8;1;2;18
10;16;1;2;21
5;7;1;2;21
15;13;1;2;18
12;2;1;2;12
18;20;1;2;31
3;5;1;2;7
20;2;1;2;23
2;5;1;2;27
4;3;1;2;0
13;7;1;2;28
3;8;1;2;15
5;12;1;2;13
18;18;1;2;6
16;1;1;2;39
8;19;1;2;31
12;13;1;2;15
11;12;1;2;8
15;5;1;2;12
14;1;1;2;26
14;13;1;2;33
14;15;1;2;32
9;11;1;2;36
15;9;1;2;5
13;4;1;2;6
12;4;1;2;36
3;15;1;2;0
11;17;1;2;32
19;11;1;2;8
12;16;1;2;0
18;10;1;2;32

1;1;5;7
2;1;2;100
3;1;5;199
4;1;7;205
5;1;6;304
6;1;8;475
7;1;1;492
8;1;4;529
9;1;5;692
10;1;4;792
11;1;10;868
12;1;9;879
13;1;6;926
14;1;10;1033
15;1;3;1133
16;1;9;1173
17;1;10;1334
18;1;10;1588
19;1;3;1599
20;1;3;1610
*** EOF ***