**** 98 ****
100
4;36;1;2;1399
42;37;1;2;2705
36;21;1;2;2398
23;4;1;2;2248
32;9;1;2;1197
9;43;1;2;799
4;25;1;2;2628
43;6;1;2;0
4;42;1;2;1260
8;23;1;2;44
33;26;1;2;1381
32;18;1;2;2517
39;5;1;2;40
37;29;1;2;1893
36;12;1;2;204
33;20;1;2;946
34;24;1;2;2771
14;18;1;2;2578
39;21;1;2;1670
49;31;1;2;742
45;13;1;2;2370
29;46;1;2;2937
48;34;1;2;1543
38;23;1;2;2072
34;10;1;2;33
38;42;1;2;53
34;27;1;2;378
7;40;1;2;495
36;28;1;2;1818
8;28;1;2;500
2;25;1;2;564
22;3;1;2;409
11;50;1;2;444
7;38;1;2;2716
29;21;1;2;1177
14;10;1;2;1968
19;43;1;2;1296
47;2;1;2;1438
45;39;1;2;2065
13;46;1;2;2495
13;49;1;2;2419
27;21;1;2;571
38;33;1;2;172
32;39;1;2;911
1;19;1;2;2033
28;33;1;2;742
49;3;1;2;1337
47;50;1;2;588
35;44;1;2;1426
3;8;1;2;2873
48;20;1;2;2671
19;48;1;2;543
42;35;1;2;2426
14;18;1;2;1566
28;20;1;2;2685
11;50;1;2;519
6;50;1;2;1121
43;46;1;2;2222
33;33;1;2;1317
9;35;1;2;224
34;34;1;2;2795
5;4;1;2;242
49;45;1;2;2326
27;10;1;2;1196
45;37;1;2;2215
30;50;1;2;914
1;5;1;2;2613
25;49;1;2;2961
49;31;1;2;43
17;41;1;2;2629
41;24;1;2;1214
37;30;1;2;1217
31;28;1;2;561
8;6;1;2;122
6;1;1;2;109
21;32;1;2;610
38;35;1;2;2016
3;9;1;2;2664
14;7;1;2;846
9;23;1;2;636
40;16;1;2;2611
4;4;1;2;90
21;34;1;2;2970
34;43;1;2;1675
7;48;1;2;1477
18;21;1;2;1709
28;8;1;2;593
46;10;1;2;2603
10;26;1;2;609
8;36;1;2;2634
44;26;1;2;2901
7;29;1;2;1206
49;2;1;2;439
19;35;1;2;984
47;43;1;2;683
26;10;1;2;2105
35;39;1;2;2812
30;34;1;2;474
33;45;1;2;1051
45;2;1;2;1586

1;1;36;14
2;1;10;218
3;1;46;269
4;1;21;320
5;1;4;371
6;1;33;422
7;1;15;473
8;1;22;524
9;1;13;575
10;1;48;626
11;1;45;677
12;1;24;728
13;1;35;779
14;1;30;830
15;1;43;881
16;1;23;932
17;1;25;983
18;1;24;1158
19;1;40;1193
20;1;10;1244
21;1;46;1300
22;1;14;1399
23;1;36;1450
24;1;41;1501
25;1;44;1631
26;1;2;1682
27;1;4;1728
28;1;43;1776
29;1;22;2019
30;1;1;2129
31;1;13;2227
32;1;4;2244
33;1;50;2261
34;1;9;2349
35;1;34;2418
36;1;3;2636
37;1;21;2829
38;1;7;2991
39;1;29;3085
40;1;48;3151
41;1;34;3202
42;1;36;3352
43;1;21;3394
44;1;5;3513
45;1;49;3704
46;1;31;3755
47;1;45;3806
48;1;47;3857
49;1;17;3908
50;1;8;3952
*** EOF ***