**** 4 ****
100
4;14;1;2;9
4;9;1;2;24
2;10;1;2;17
11;15;1;2;28
16;2;1;2;37
9;5;1;2;6
20;4;1;2;27
9;3;1;2;9
7;20;1;2;22
19;16;1;2;22
12;19;1;2;27
14;3;1;2;27
18;16;1;2;36
8;19;1;2;31
8;14;1;2;4
17;3;1;2;29
3;14;1;2;32
10;2;1;2;6
20;8;1;2;38
14;18;1;2;25
16;2;1;2;24
4;15;1;2;38
11;4;1;2;25
20;3;1;2;23
11;10;1;2;9
15;6;1;2;23
16;8;1;2;16
20;10;1;2;29
19;9;1;2;17
17;2;1;2;6
14;9;1;2;7
18;12;1;2;13
8;15;1;2;9
14;14;1;2;11
9;16;1;2;1
18;10;1;2;38
1;18;1;2;18
9;17;1;2;7
19;7;1;2;7
8;15;1;2;8
14;9;1;2;8
14;6;1;2;20
19;6;1;2;14
8;19;1;2;27
20;7;1;2;34
13;17;1;2;23
3;9;1;2;32
1;10;1;2;21
8;8;1;2;27
15;7;1;2;2
15;12;1;2;10
4;17;1;2;27
16;16;1;2;12
2;15;1;2;30
1;6;1;2;9
15;10;1;2;37
10;13;1;2;17
3;13;1;2;6
4;13;1;2;25
11;19;1;2;3
5;6;1;2;35
15;1;1;2;31
3;16;1;2;38
15;9;1;2;33
18;9;1;2;18
7;3;1;2;28
16;12;1;2;20
13;6;1;2;4
12;9;1;2;28
17;12;1;2;19
1;8;1;2;24
8;3;1;2;36
19;17;1;2;11
10;3;1;2;19
3;20;1;2;39
1;18;1;2;1
1;13;1;2;24
13;18;1;2;30
10;9;1;2;30
18;17;1;2;13
9;9;1;2;21
13;16;1;2;15
9;7;1;2;31
12;16;1;2;33
3;10;1;2;5
14;2;1;2;2
15;3;1;2;7
12;7;1;2;4
14;16;1;2;24
4;6;1;2;12
10;14;1;2;21
11;19;1;2;28
6;7;1;2;26
9;11;1;2;13
14;5;1;2;22
19;19;1;2;24
2;5;1;2;38
9;16;1;2;4
5;9;1;2;0
1;5;1;2;5

1;1;6;64
2;1;3;74
3;1;5;86
4;1;7;141
5;1;6;152
6;1;3;163
7;1;6;210
8;1;3;217
9;1;6;283
10;1;5;356
11;1;1;374
12;1;4;436
13;1;3;491
14;1;2;502
15;1;6;569
16;1;1;586
17;1;5;601
18;1;2;616
19;1;5;698
20;1;9;706
21;1;2;742
22;1;10;748
23;1;7;760
24;1;2;849
25;1;1;876
26;1;1;888
27;1;2;934
28;1;3;960
29;1;10;964
30;1;3;975
31;1;5;1069
32;1;6;1081
33;1;7;1108
34;1;3;1124
35;1;4;1177
36;1;7;1193
37;1;3;1204
38;1;10;1249
39;1;7;1280
40;1;7;1312
41;1;1;1357
42;1;10;1368
43;1;2;1379
44;1;8;1385
45;1;4;1411
46;1;4;1450
47;1;2;1473
48;1;1;1516
49;1;4;1585
50;1;5;1596
*** EOF ***