**** 14 ****
100
7;20;1;2;30
12;14;1;2;50
9;2;1;2;2
8;12;1;2;65
7;20;1;2;32
18;3;1;2;62
17;7;1;2;77
4;16;1;2;4
6;6;1;2;54
19;7;1;2;58
10;13;1;2;9
1;17;1;2;82
11;5;1;2;35
5;4;1;2;67
10;10;1;2;66
3;7;1;2;8
5;15;1;2;26
3;18;1;2;74
19;4;1;2;51
13;14;1;2;37
3;4;1;2;22
12;16;1;2;58
15;18;1;2;34
2;3;1;2;17
9;12;1;2;98
7;14;1;2;96
16;11;1;2;70
14;5;1;2;67
8;15;1;2;82
12;19;1;2;8
9;2;1;2;31
3;5;1;2;38
1;19;1;2;75
7;1;1;2;97
16;1;1;2;21
14;8;1;2;26
10;15;1;2;28
12;8;1;2;52
12;8;1;2;58
14;19;1;2;97
2;19;1;2;30
5;2;1;2;14
3;14;1;2;85
11;1;1;2;77
20;8;1;2;57
1;14;1;2;96
8;3;1;2;50
16;7;1;2;50
1;18;1;2;69
11;3;1;2;59
20;5;1;2;9
10;1;1;2;42
17;16;1;2;16
2;6;1;2;68
11;17;1;2;15
20;18;1;2;60
17;17;1;2;43
19;4;1;2;41
1;4;1;2;18
10;15;1;2;60
1;14;1;2;76
11;16;1;2;49
13;12;1;2;64
1;5;1;2;1
9;15;1;2;57
17;14;1;2;6
17;2;1;2;22
12;1;1;2;86
13;1;1;2;0
3;3;1;2;27
16;3;1;2;13
12;13;1;2;88
13;18;1;2;71
9;18;1;2;95
10;7;1;2;41
20;15;1;2;66
18;3;1;2;68
1;15;1;2;48
19;19;1;2;60
20;14;1;2;22
8;9;1;2;45
1;12;1;2;37
1;5;1;2;94
4;13;1;2;84
11;15;1;2;70
12;6;1;2;76
18;3;1;2;58
18;15;1;2;64
6;13;1;2;83
7;13;1;2;36
1;12;1;2;36
6;4;1;2;7
16;4;1;2;51
2;7;1;2;36
6;17;1;2;62
8;20;1;2;87
4;9;1;2;21
3;7;1;2;36
19;4;1;2;68
2;2;1;2;72

1;1;9;6
2;1;19;27
3;1;4;48
4;1;5;69
5;1;17;90
6;1;5;111
7;1;17;132
8;1;1;153
9;1;18;174
10;1;20;195
11;1;12;216
12;1;1;237
13;1;17;258
14;1;6;279
15;1;19;300
16;1;15;321
17;1;19;342
18;1;4;363
19;1;6;384
20;1;14;405
21;1;3;426
22;1;20;447
23;1;14;468
24;1;4;489
25;1;14;510
26;1;17;531
27;1;16;552
28;1;18;573
29;1;3;594
30;1;8;615
31;1;6;636
32;1;20;657
33;1;15;678
34;1;11;699
35;1;6;720
36;1;2;741
37;1;8;762
38;1;12;783
39;1;9;804
40;1;3;825
41;1;12;846
42;1;18;867
43;1;7;888
44;1;2;909
45;1;7;930
46;1;10;951
47;1;15;972
48;1;3;993
49;1;15;1014
50;1;14;1035
*** EOF ***