**** 3 ****
100
17;5;1;2;24
18;3;1;2;20
13;12;1;2;36
9;2;1;2;39
5;8;1;2;21
14;1;1;2;7
1;19;1;2;16
11;11;1;2;19
1;8;1;2;39
7;6;1;2;15
17;14;1;2;19
13;12;1;2;13
13;4;1;2;36
9;5;1;2;37
8;1;1;2;5
2;14;1;2;37
9;7;1;2;8
5;17;1;2;18
17;10;1;2;25
8;16;1;2;2
3;4;1;2;15
14;16;1;2;38
7;8;1;2;14
3;9;1;2;18
1;8;1;2;38
18;9;1;2;11
15;18;1;2;17
3;14;1;2;26
13;10;1;2;15
10;9;1;2;10
12;11;1;2;6
20;16;1;2;1
18;2;1;2;1
12;17;1;2;1
10;9;1;2;8
20;18;1;2;37
12;12;1;2;6
1;7;1;2;19
7;11;1;2;1
2;13;1;2;29
5;16;1;2;32
3;15;1;2;27
4;13;1;2;21
17;16;1;2;17
18;18;1;2;37
19;17;1;2;14
16;8;1;2;17
14;1;1;2;15
13;7;1;2;26
6;1;1;2;10
16;5;1;2;25
8;19;1;2;0
7;2;1;2;4
8;11;1;2;11
17;20;1;2;8
14;18;1;2;25
20;5;1;2;24
18;18;1;2;24
13;11;1;2;3
11;8;1;2;23
1;3;1;2;39
19;2;1;2;17
11;9;1;2;30
7;8;1;2;0
18;5;1;2;32
7;18;1;2;29
4;18;1;2;6
8;7;1;2;23
5;11;1;2;5
8;2;1;2;33
3;14;1;2;7
2;12;1;2;9
11;14;1;2;9
1;20;1;2;36
14;18;1;2;12
6;16;1;2;30
7;19;1;2;39
13;18;1;2;17
17;14;1;2;27
14;13;1;2;8
7;15;1;2;34
15;16;1;2;25
16;18;1;2;39
17;19;1;2;30
5;12;1;2;27
18;9;1;2;22
20;15;1;2;32
11;8;1;2;10
8;16;1;2;3
15;9;1;2;16
4;8;1;2;22
10;2;1;2;30
15;9;1;2;7
6;17;1;2;25
17;1;1;2;28
16;10;1;2;16
11;9;1;2;11
3;19;1;2;10
5;18;1;2;5
1;13;1;2;25

1;1;9;10
2;1;4;25
3;1;2;49
4;1;6;57
5;1;10;68
6;1;1;79
7;1;8;274
8;1;3;293
9;1;3;297
10;1;1;323
11;1;6;347
12;1;3;505
13;1;5;526
14;1;4;611
15;1;2;626
16;1;9;690
17;1;1;701
18;1;5;705
19;1;7;781
20;1;9;814
21;1;6;856
22;1;3;886
23;1;8;928
24;1;5;1003
25;1;6;1024
26;1;7;1035
27;1;4;1048
28;1;2;1085
29;1;10;1088
30;1;8;1133
31;1;8;1144
32;1;5;1154
33;1;6;1221
34;1;8;1236
35;1;9;1264
36;1;3;1275
37;1;3;1305
38;1;2;1320
39;1;4;1327
40;1;7;1332
41;1;1;1343
42;1;5;1435
43;1;2;1448
44;1;3;1487
45;1;10;1498
46;1;4;1509
47;1;4;1528
48;1;3;1540
49;1;7;1546
50;1;6;1561
*** EOF ***