**** 5 ****
100
1;10;1;2;2
10;19;1;2;10
6;7;1;2;33
12;1;1;2;16
2;2;1;2;31
6;5;1;2;14
19;2;1;2;17
11;12;1;2;39
2;1;1;2;11
3;1;1;2;32
8;1;1;2;13
10;11;1;2;3
20;8;1;2;1
6;11;1;2;2
2;12;1;2;3
6;10;1;2;19
20;8;1;2;20
17;10;1;2;24
8;12;1;2;24
11;14;1;2;4
15;1;1;2;37
9;3;1;2;7
12;14;1;2;14
14;19;1;2;24
8;13;1;2;7
3;18;1;2;16
15;9;1;2;35
7;17;1;2;5
11;5;1;2;16
8;7;1;2;1
4;2;1;2;1
1;10;1;2;35
8;13;1;2;9
14;18;1;2;19
10;17;1;2;11
18;20;1;2;8
14;14;1;2;8
10;20;1;2;5
7;3;1;2;21
15;2;1;2;27
16;5;1;2;8
9;6;1;2;9
5;5;1;2;2
6;11;1;2;11
5;20;1;2;8
17;9;1;2;19
17;15;1;2;32
6;16;1;2;3
11;2;1;2;37
12;16;1;2;38
19;3;1;2;35
20;11;1;2;32
9;7;1;2;36
3;12;1;2;38
15;17;1;2;30
3;5;1;2;18
2;1;1;2;4
6;6;1;2;39
1;8;1;2;32
11;19;1;2;39
9;10;1;2;21
16;9;1;2;12
8;17;1;2;30
17;20;1;2;22
15;14;1;2;38
17;8;1;2;34
8;1;1;2;34
12;18;1;2;0
4;18;1;2;39
16;20;1;2;38
8;1;1;2;7
9;16;1;2;35
13;4;1;2;3
4;20;1;2;2
18;6;1;2;27
8;3;1;2;6
2;10;1;2;38
16;13;1;2;35
8;16;1;2;25
8;4;1;2;4
18;11;1;2;4
5;11;1;2;20
12;16;1;2;35
15;19;1;2;14
10;8;1;2;11
9;15;1;2;25
16;16;1;2;34
14;11;1;2;19
2;11;1;2;34
7;18;1;2;9
11;15;1;2;31
16;11;1;2;2
8;2;1;2;37
3;8;1;2;7
9;17;1;2;14
12;18;1;2;0
18;13;1;2;15
4;18;1;2;37
3;19;1;2;27
10;5;1;2;16

1;1;8;43
2;1;5;76
3;1;5;94
4;1;4;137
5;1;10;155
6;1;5;238
7;1;4;250
8;1;5;261
9;1;2;272
10;1;1;314
11;1;9;319
12;1;8;351
13;1;2;408
14;1;10;430
15;1;1;500
16;1;9;517
17;1;6;584
18;1;4;607
19;1;1;675
20;1;7;678
21;1;8;691
22;1;3;739
23;1;4;756
24;1;9;766
25;1;8;777
26;1;6;786
27;1;6;795
28;1;8;803
29;1;4;814
30;1;4;820
31;1;3;831
32;1;3;858
33;1;3;925
34;1;4;936
35;1;7;947
36;1;10;1088
37;1;8;1099
38;1;5;1138
39;1;2;1149
40;1;7;1156
41;1;1;1215
42;1;6;1240
43;1;3;1247
44;1;2;1280
45;1;8;1304
46;1;5;1343
47;1;1;1354
48;1;3;1362
49;1;3;1401
50;1;8;1454
*** EOF ***