**** 30 ****
100
16;19;1;2;1559
37;43;1;2;2439
25;12;1;2;1183
44;16;1;2;2548
42;34;1;2;2432
24;34;1;2;2571
39;5;1;2;351
30;23;1;2;1651
23;1;1;2;1263
39;27;1;2;1874
16;45;1;2;1592
26;31;1;2;1486
17;7;1;2;949
3;50;1;2;2515
1;43;1;2;798
33;17;1;2;583
5;5;1;2;789
6;36;1;2;411
10;10;1;2;2463
25;1;1;2;990
49;16;1;2;2634
43;41;1;2;1116
32;10;1;2;2372
31;12;1;2;2272
46;12;1;2;364
46;47;1;2;130
30;1;1;2;1586
21;8;1;2;2822
35;19;1;2;1081
48;45;1;2;2431
40;43;1;2;2897
24;38;1;2;1389
42;19;1;2;700
15;49;1;2;2013
37;47;1;2;1877
3;42;1;2;2723
36;23;1;2;1475
22;44;1;2;1484
46;28;1;2;1403
28;25;1;2;197
11;17;1;2;2742
10;40;1;2;1981
50;32;1;2;2401
2;48;1;2;1599
16;34;1;2;147
43;38;1;2;1139
16;23;1;2;2861
43;45;1;2;456
27;42;1;2;335
32;19;1;2;1962
32;32;1;2;678
26;41;1;2;2117
7;42;1;2;2100
8;44;1;2;2999
9;9;1;2;734
7;3;1;2;2022
48;20;1;2;1344
9;12;1;2;640
18;38;1;2;2732
3;20;1;2;52
15;1;1;2;1385
43;28;1;2;276
13;34;1;2;2169
15;43;1;2;1062
15;1;1;2;2672
49;9;1;2;2524
21;6;1;2;693
18;17;1;2;1654
8;34;1;2;1244
42;36;1;2;865
47;3;1;2;1067
32;45;1;2;1944
8;7;1;2;2477
28;22;1;2;2771
42;38;1;2;721
15;36;1;2;532
41;7;1;2;2637
35;26;1;2;1603
41;33;1;2;1238
37;27;1;2;1526
2;23;1;2;1428
19;4;1;2;1622
13;14;1;2;1931
42;43;1;2;1454
13;34;1;2;191
37;50;1;2;2228
19;41;1;2;236
8;27;1;2;1911
12;17;1;2;1894
50;4;1;2;620
26;7;1;2;1494
6;26;1;2;2197
29;40;1;2;710
12;34;1;2;2554
16;48;1;2;2088
9;36;1;2;0
37;4;1;2;1229
24;14;1;2;1055
35;25;1;2;1524
31;26;1;2;879

1;1;4;7
2;1;11;58
3;1;40;109
4;1;32;160
5;1;6;211
6;1;24;262
7;1;23;313
8;1;34;364
9;1;31;415
10;1;50;466
11;1;23;517
12;1;15;568
13;1;13;619
14;1;24;670
15;1;18;721
16;1;6;772
17;1;41;823
18;1;23;874
19;1;10;925
20;1;39;976
21;1;23;1027
22;1;38;1078
23;1;7;1129
24;1;43;1180
25;1;19;1231
26;1;8;1282
27;1;35;1333
28;1;13;1384
29;1;36;1435
30;1;21;1486
31;1;45;1537
32;1;20;1588
33;1;3;1639
34;1;2;1690
35;1;10;1741
36;1;21;1792
37;1;39;1843
38;1;38;1894
39;1;20;1945
40;1;6;1996
41;1;45;2047
42;1;50;2098
43;1;13;2149
44;1;25;2200
45;1;47;2251
46;1;1;2302
47;1;39;2353
48;1;16;2404
49;1;32;2455
50;1;2;2506
*** EOF ***