**** 16 ****
100
8;4;1;2;238
16;12;1;2;333
6;11;1;2;232
13;1;1;2;296
5;3;1;2;0
8;13;1;2;156
13;15;1;2;210
1;10;1;2;294
15;19;1;2;55
16;12;1;2;35
13;19;1;2;110
3;7;1;2;182
9;12;1;2;332
13;16;1;2;312
9;20;1;2;34
1;19;1;2;106
17;4;1;2;352
20;4;1;2;21
6;10;1;2;20
14;5;1;2;203
9;9;1;2;374
20;4;1;2;0
2;4;1;2;23
14;16;1;2;118
6;16;1;2;109
13;8;1;2;248
19;17;1;2;291
4;16;1;2;346
5;13;1;2;295
17;6;1;2;271
13;15;1;2;259
7;14;1;2;2
19;15;1;2;185
2;20;1;2;192
12;5;1;2;367
1;17;1;2;215
1;8;1;2;243
12;11;1;2;310
10;7;1;2;262
5;16;1;2;108
16;8;1;2;234
8;6;1;2;399
10;4;1;2;385
8;17;1;2;124
20;20;1;2;280
20;20;1;2;89
7;13;1;2;56
10;4;1;2;38
20;14;1;2;56
14;10;1;2;131
14;18;1;2;370
8;17;1;2;395
19;18;1;2;110
4;5;1;2;386
8;17;1;2;397
9;8;1;2;397
18;6;1;2;89
6;7;1;2;164
16;18;1;2;169
12;11;1;2;351
16;5;1;2;180
6;4;1;2;316
2;3;1;2;313
4;6;1;2;310
3;6;1;2;98
20;6;1;2;45
17;15;1;2;222
18;20;1;2;168
15;7;1;2;145
4;18;1;2;15
7;5;1;2;191
7;3;1;2;155
3;16;1;2;209
9;19;1;2;386
19;1;1;2;11
17;1;1;2;68
14;9;1;2;342
16;7;1;2;41
4;13;1;2;307
1;16;1;2;397
16;15;1;2;393
20;1;1;2;315
7;16;1;2;110
16;4;1;2;289
2;14;1;2;389
6;2;1;2;9
14;7;1;2;298
9;2;1;2;96
10;17;1;2;368
10;17;1;2;35
19;4;1;2;249
12;3;1;2;342
20;9;1;2;277
10;4;1;2;272
11;18;1;2;237
13;15;1;2;318
2;20;1;2;16
12;8;1;2;97
20;10;1;2;185
8;11;1;2;121

1;1;8;50
2;1;5;71
3;1;8;92
4;1;8;113
5;1;15;134
6;1;18;155
7;1;7;176
8;1;12;197
9;1;17;218
10;1;4;239
11;1;19;260
12;1;20;281
13;1;5;302
14;1;4;323
15;1;8;344
16;1;15;365
17;1;15;386
18;1;10;407
19;1;6;428
20;1;16;449
21;1;1;470
22;1;13;491
23;1;3;593
24;1;13;603
25;1;5;624
26;1;7;645
27;1;16;666
28;1;7;687
29;1;3;730
30;1;13;735
31;1;1;798
32;1;1;842
33;1;9;860
34;1;3;881
35;1;12;902
36;1;7;962
37;1;2;978
38;1;6;990
39;1;8;1088
40;1;6;1134
41;1;18;1150
42;1;9;1171
43;1;12;1277
44;1;11;1294
45;1;17;1319
46;1;10;1383
47;1;9;1449
48;1;11;1470
49;1;6;1536
50;1;16;1567
*** EOF ***