**** 29 ****
100
44;42;1;2;2790
5;40;1;2;152
4;29;1;2;1743
6;48;1;2;1672
8;27;1;2;4
32;38;1;2;2789
8;37;1;2;1413
49;43;1;2;1879
3;4;1;2;1472
40;50;1;2;1757
14;43;1;2;698
6;49;1;2;1490
8;2;1;2;2618
1;10;1;2;2667
24;17;1;2;2494
30;50;1;2;2481
19;8;1;2;419
34;8;1;2;2813
15;12;1;2;416
37;3;1;2;2867
47;18;1;2;959
45;23;1;2;2609
37;30;1;2;1561
7;33;1;2;1472
25;8;1;2;2340
19;37;1;2;2440
2;7;1;2;1249
23;40;1;2;408
36;4;1;2;619
2;42;1;2;322
19;38;1;2;1039
30;35;1;2;2562
39;23;1;2;2393
2;30;1;2;2277
24;4;1;2;534
15;24;1;2;872
7;25;1;2;80
6;47;1;2;2571
16;32;1;2;1576
35;35;1;2;1568
9;3;1;2;2007
1;34;1;2;593
15;22;1;2;1816
8;26;1;2;2997
38;1;1;2;452
24;17;1;2;2675
49;25;1;2;499
29;30;1;2;1047
1;45;1;2;780
27;32;1;2;114
47;42;1;2;2268
5;42;1;2;2201
50;6;1;2;2874
16;16;1;2;201
13;3;1;2;1302
15;28;1;2;2868
42;26;1;2;2045
43;5;1;2;2024
40;7;1;2;1271
20;33;1;2;404
36;30;1;2;2745
4;36;1;2;1039
7;35;1;2;494
32;3;1;2;1561
33;17;1;2;165
37;34;1;2;193
8;25;1;2;2868
3;18;1;2;2624
29;7;1;2;1680
2;29;1;2;1965
6;14;1;2;2046
4;20;1;2;931
43;26;1;2;2917
39;9;1;2;469
3;44;1;2;288
18;30;1;2;2121
13;39;1;2;2995
34;41;1;2;762
8;22;1;2;2821
39;23;1;2;599
4;31;1;2;914
50;34;1;2;35
33;28;1;2;163
2;18;1;2;1523
24;22;1;2;966
12;42;1;2;498
33;4;1;2;338
30;37;1;2;1829
43;47;1;2;2050
14;37;1;2;2624
15;40;1;2;604
31;41;1;2;2439
19;25;1;2;168
34;26;1;2;638
7;49;1;2;2409
26;12;1;2;0
26;44;1;2;2956
14;24;1;2;2144
45;18;1;2;190
47;33;1;2;2478

1;1;6;6
2;1;13;15
3;1;19;66
4;1;34;117
5;1;49;168
6;1;49;219
7;1;34;270
8;1;26;321
9;1;41;372
10;1;24;423
11;1;1;474
12;1;10;525
13;1;30;576
14;1;24;627
15;1;34;678
16;1;20;729
17;1;48;780
18;1;24;831
19;1;36;882
20;1;32;933
21;1;26;984
22;1;3;1035
23;1;15;1086
24;1;18;1137
25;1;43;1188
26;1;29;1239
27;1;42;1290
28;1;42;1341
29;1;44;1392
30;1;31;1443
31;1;26;1494
32;1;44;1545
33;1;2;1596
34;1;10;1647
35;1;29;1698
36;1;33;1749
37;1;25;1800
38;1;13;1851
39;1;11;1902
40;1;45;1953
41;1;48;2004
42;1;33;2055
43;1;12;2106
44;1;41;2157
45;1;8;2208
46;1;46;2259
47;1;39;2310
48;1;23;2361
49;1;1;2412
50;1;45;2463
*** EOF ***