**** 10 ****
100
190;4;1;2;338
3;124;1;2;958
26;54;1;2;515
176;157;1;2;442
164;44;1;2;67
199;120;1;2;302
55;120;1;2;423
16;37;1;2;151
111;67;1;2;152
31;195;1;2;126
65;136;1;2;130
155;90;1;2;653
113;116;1;2;258
28;91;1;2;215
22;54;1;2;858
89;4;1;2;329
191;58;1;2;48
166;74;1;2;837
117;136;1;2;703
22;167;1;2;449
148;183;1;2;737
30;89;1;2;826
83;1;1;2;341
94;180;1;2;383
109;1;1;2;988
119;89;1;2;591
49;31;1;2;601
49;148;1;2;26
86;65;1;2;161
141;38;1;2;127
191;185;1;2;661
128;15;1;2;749
154;49;1;2;349
48;94;1;2;680
31;2;1;2;480
172;121;1;2;520
163;121;1;2;102
116;121;1;2;650
142;159;1;2;666
56;99;1;2;303
183;89;1;2;39
45;16;1;2;5
146;122;1;2;206
48;169;1;2;899
128;151;1;2;301
161;122;1;2;973
33;37;1;2;893
88;152;1;2;165
138;46;1;2;923
156;101;1;2;222
11;35;1;2;510
50;31;1;2;878
56;177;1;2;799
14;24;1;2;319
113;103;1;2;469
14;63;1;2;943
139;96;1;2;979
32;135;1;2;882
198;72;1;2;679
73;179;1;2;531
95;189;1;2;566
158;190;1;2;796
36;197;1;2;324
187;10;1;2;147
106;123;1;2;0
127;88;1;2;664
70;27;1;2;711
1;10;1;2;245
36;159;1;2;268
115;32;1;2;798
47;126;1;2;786
165;35;1;2;976
113;70;1;2;724
38;8;1;2;534
137;113;1;2;8
139;40;1;2;95
156;61;1;2;473
67;62;1;2;35
65;49;1;2;593
133;115;1;2;776
84;113;1;2;454
70;77;1;2;488
198;190;1;2;758
123;27;1;2;765
9;115;1;2;830
17;54;1;2;421
64;9;1;2;481
138;27;1;2;694
125;43;1;2;942
118;128;1;2;609
95;11;1;2;521
149;80;1;2;598
189;30;1;2;987
147;104;1;2;365
65;112;1;2;231
47;128;1;2;884
68;191;1;2;44
101;80;1;2;423
148;4;1;2;265
42;74;1;2;192

1;1;73;224
2;1;80;405
3;1;20;855
4;1;16;921
5;1;19;1559
6;1;97;1722
7;1;57;2373
8;1;57;2974
9;1;7;3086
10;1;39;3247
11;1;23;3656
12;1;75;4106
13;1;35;4272
14;1;87;4318
15;1;82;4512
16;1;33;4613
17;1;60;4714
18;1;73;4815
19;1;22;5293
20;1;88;5499
21;1;73;6007
22;1;68;6215
23;1;90;6703
24;1;79;7044
25;1;38;7324
26;1;8;7975
27;1;29;7999
28;1;93;8566
29;1;55;9233
30;1;64;9770
31;1;3;10044
32;1;56;10755
33;1;22;10856
34;1;10;11020
35;1;71;11031
36;1;17;11799
37;1;44;11979
38;1;27;12033
39;1;74;12545
40;1;79;12646
41;1;32;13186
42;1;86;13416
43;1;58;13517
44;1;93;13618
45;1;55;13735
46;1;39;13836
47;1;42;13919
48;1;12;14020
49;1;79;15128
50;1;99;15217
*** EOF ***