**** 27 ****
100
47;30;1;2;2931
17;34;1;2;1058
9;18;1;2;2852
17;5;1;2;498
30;25;1;2;2840
2;47;1;2;2136
5;38;1;2;442
8;12;1;2;634
19;19;1;2;119
6;2;1;2;1622
27;49;1;2;1754
11;17;1;2;2339
19;27;1;2;2206
22;44;1;2;1262
22;23;1;2;1436
12;26;1;2;2734
48;33;1;2;473
42;40;1;2;2284
28;11;1;2;2004
47;16;1;2;1508
22;45;1;2;1708
28;5;1;2;2124
17;23;1;2;1953
23;46;1;2;2246
35;19;1;2;1070
23;31;1;2;2096
7;30;1;2;2680
30;24;1;2;2321
16;1;1;2;231
21;50;1;2;2949
31;23;1;2;2445
39;50;1;2;1299
15;18;1;2;1273
18;40;1;2;2221
14;26;1;2;1639
35;48;1;2;2721
33;6;1;2;1251
13;35;1;2;1726
36;2;1;2;1076
20;24;1;2;477
19;4;1;2;1551
16;42;1;2;2700
15;7;1;2;1319
40;26;1;2;1558
11;40;1;2;2735
1;26;1;2;2934
22;8;1;2;1889
25;22;1;2;0
1;9;1;2;475
30;28;1;2;2098
9;48;1;2;804
11;13;1;2;595
13;29;1;2;1653
33;19;1;2;2579
43;31;1;2;2970
31;33;1;2;897
15;7;1;2;1456
5;31;1;2;1679
30;34;1;2;887
5;15;1;2;2665
6;23;1;2;1664
12;33;1;2;2627
7;48;1;2;1907
13;32;1;2;75
44;24;1;2;408
16;4;1;2;840
13;19;1;2;1446
19;23;1;2;829
48;4;1;2;362
35;9;1;2;1826
2;16;1;2;2698
17;27;1;2;1883
44;35;1;2;2432
3;49;1;2;2313
31;42;1;2;436
39;9;1;2;242
29;21;1;2;1312
28;39;1;2;2536
7;36;1;2;1339
19;23;1;2;1549
47;24;1;2;2264
47;42;1;2;1992
30;37;1;2;1329
14;40;1;2;1927
27;20;1;2;1071
16;8;1;2;1729
8;38;1;2;2152
20;15;1;2;90
6;21;1;2;928
45;41;1;2;2552
45;37;1;2;1275
11;34;1;2;2467
6;15;1;2;105
37;29;1;2;1394
14;7;1;2;1113
37;22;1;2;2670
19;31;1;2;1258
21;50;1;2;1322
13;7;1;2;1045
41;4;1;2;435

1;1;1;9
2;1;34;11
3;1;23;62
4;1;21;113
5;1;21;164
6;1;25;215
7;1;21;266
8;1;44;317
9;1;17;368
10;1;28;419
11;1;4;470
12;1;3;521
13;1;11;572
14;1;36;623
15;1;19;674
16;1;43;725
17;1;12;776
18;1;7;827
19;1;4;878
20;1;35;929
21;1;10;980
22;1;4;1031
23;1;25;1082
24;1;11;1133
25;1;29;1184
26;1;45;1235
27;1;22;1286
28;1;10;1337
29;1;25;1388
30;1;19;1439
31;1;11;1490
32;1;26;1541
33;1;16;1592
34;1;38;1643
35;1;10;1694
36;1;10;1745
37;1;5;1796
38;1;24;1847
39;1;38;1898
40;1;45;1949
41;1;19;2000
42;1;2;2051
43;1;40;2102
44;1;26;2153
45;1;50;2204
46;1;47;2255
47;1;39;2306
48;1;14;2357
49;1;7;2408
50;1;30;2459
*** EOF ***