**** 18 ****
100
7;8;1;2;43
2;16;1;2;22
2;10;1;2;91
5;8;1;2;341
16;13;1;2;14
4;6;1;2;277
17;16;1;2;290
17;10;1;2;391
18;9;1;2;354
12;6;1;2;92
3;4;1;2;311
18;6;1;2;318
20;19;1;2;287
12;3;1;2;287
5;10;1;2;91
19;13;1;2;256
17;2;1;2;351
19;18;1;2;212
2;15;1;2;0
17;19;1;2;177
1;1;1;2;61
12;19;1;2;138
10;10;1;2;156
9;13;1;2;239
8;17;1;2;180
19;8;1;2;193
15;4;1;2;226
18;2;1;2;83
2;3;1;2;50
14;11;1;2;128
12;3;1;2;208
5;14;1;2;238
3;15;1;2;288
19;16;1;2;352
10;15;1;2;21
3;14;1;2;108
8;20;1;2;91
14;10;1;2;164
17;11;1;2;318
7;17;1;2;109
15;8;1;2;283
16;4;1;2;97
6;6;1;2;123
6;16;1;2;250
19;18;1;2;365
20;20;1;2;110
8;19;1;2;189
11;12;1;2;10
7;8;1;2;233
5;7;1;2;9
6;1;1;2;268
10;8;1;2;271
19;14;1;2;108
2;19;1;2;335
5;17;1;2;344
10;8;1;2;315
20;15;1;2;393
1;17;1;2;4
12;3;1;2;32
5;8;1;2;78
6;13;1;2;270
14;2;1;2;18
17;12;1;2;311
5;14;1;2;141
20;10;1;2;358
5;19;1;2;85
20;18;1;2;232
14;10;1;2;88
10;1;1;2;171
14;17;1;2;350
4;2;1;2;382
15;7;1;2;56
5;3;1;2;267
8;7;1;2;292
9;19;1;2;381
19;15;1;2;51
17;14;1;2;308
9;19;1;2;350
9;1;1;2;330
20;14;1;2;339
2;18;1;2;80
17;4;1;2;79
13;8;1;2;301
12;15;1;2;8
17;3;1;2;238
18;14;1;2;232
10;10;1;2;257
10;18;1;2;308
20;6;1;2;388
3;18;1;2;81
2;11;1;2;218
14;7;1;2;173
13;19;1;2;60
15;3;1;2;46
15;19;1;2;321
13;16;1;2;394
17;17;1;2;303
14;19;1;2;280
2;10;1;2;317
10;12;1;2;186

1;1;11;56
2;1;6;68
3;1;12;112
4;1;3;127
5;1;15;155
6;1;9;176
7;1;17;197
8;1;11;218
9;1;1;239
10;1;2;260
11;1;19;281
12;1;14;302
13;1;13;323
14;1;9;344
15;1;16;365
16;1;19;386
17;1;5;407
18;1;3;432
19;1;5;488
20;1;3;563
21;1;2;603
22;1;7;702
23;1;5;715
24;1;8;747
25;1;17;802
26;1;13;850
27;1;2;929
28;1;15;939
29;1;8;960
30;1;5;975
31;1;7;997
32;1;19;1041
33;1;5;1062
34;1;16;1083
35;1;8;1104
36;1;10;1119
37;1;2;1140
38;1;15;1206
39;1;19;1224
40;1;6;1257
41;1;8;1269
42;1;2;1341
43;1;14;1362
44;1;13;1383
45;1;14;1408
46;1;16;1429
47;1;10;1447
48;1;6;1554
49;1;4;1575
50;1;5;1596
*** EOF ***