**** 7 ****
100
93;76;1;2;215
141;92;1;2;901
3;55;1;2;608
124;184;1;2;707
194;53;1;2;908
131;96;1;2;8
44;147;1;2;105
198;163;1;2;990
120;144;1;2;669
115;36;1;2;314
109;128;1;2;541
77;20;1;2;185
130;174;1;2;391
91;97;1;2;726
198;42;1;2;178
106;172;1;2;225
66;15;1;2;572
124;13;1;2;886
114;132;1;2;29
184;198;1;2;17
50;59;1;2;96
144;135;1;2;668
81;16;1;2;641
72;106;1;2;690
199;103;1;2;331
129;161;1;2;703
155;26;1;2;469
127;149;1;2;633
13;15;1;2;517
195;150;1;2;314
12;151;1;2;324
60;94;1;2;410
128;174;1;2;826
170;198;1;2;531
12;148;1;2;234
143;76;1;2;546
198;30;1;2;123
20;108;1;2;424
53;73;1;2;438
170;67;1;2;187
37;30;1;2;337
161;89;1;2;783
172;169;1;2;708
198;90;1;2;505
81;101;1;2;604
67;43;1;2;480
13;193;1;2;61
137;12;1;2;569
161;64;1;2;241
199;186;1;2;459
186;174;1;2;240
75;134;1;2;680
58;57;1;2;448
167;6;1;2;537
24;87;1;2;637
181;153;1;2;432
61;166;1;2;624
122;102;1;2;387
43;14;1;2;0
84;12;1;2;339
95;149;1;2;712
135;175;1;2;798
16;185;1;2;654
64;103;1;2;460
2;126;1;2;746
191;106;1;2;450
23;118;1;2;415
199;192;1;2;468
186;34;1;2;681
141;70;1;2;844
80;164;1;2;144
193;51;1;2;271
191;66;1;2;655
197;81;1;2;357
57;34;1;2;234
155;25;1;2;892
6;199;1;2;809
173;150;1;2;400
42;87;1;2;586
75;27;1;2;255
72;107;1;2;570
168;99;1;2;420
39;41;1;2;485
94;37;1;2;918
51;46;1;2;551
86;200;1;2;727
178;157;1;2;878
139;82;1;2;627
92;123;1;2;713
78;149;1;2;140
85;172;1;2;246
55;140;1;2;96
76;178;1;2;488
113;24;1;2;724
31;26;1;2;321
135;111;1;2;673
14;40;1;2;229
92;131;1;2;110
119;22;1;2;784
185;51;1;2;285

1;1;42;88
2;1;11;584
3;1;22;1332
4;1;94;1399
5;1;54;2053
6;1;53;2154
7;1;59;2282
8;1;55;2383
9;1;38;2484
10;1;98;2585
11;1;62;3522
12;1;63;3679
13;1;58;4806
14;1;26;5043
15;1;60;5144
16;1;16;5245
17;1;60;6111
18;1;32;6212
19;1;41;6601
20;1;74;7492
21;1;55;7599
22;1;23;7813
23;1;35;8129
24;1;4;8575
25;1;11;8739
26;1;56;8805
27;1;53;9133
28;1;97;9234
29;1;84;9501
30;1;33;9832
31;1;10;10239
32;1;4;10421
33;1;66;10433
34;1;29;10507
35;1;18;10608
36;1;25;11778
37;1;52;11879
38;1;75;11980
39;1;21;12081
40;1;84;12182
41;1;36;13406
42;1;63;13734
43;1;29;14762
44;1;34;14825
45;1;57;14882
46;1;85;14983
47;1;85;15199
48;1;52;15363
49;1;48;15593
50;1;62;15658
*** EOF ***