**** 25 ****
100
5;20;1;2;401
3;11;1;2;52
8;10;1;2;763
12;13;1;2;1063
2;4;1;2;62
4;13;1;2;1156
11;14;1;2;1025
12;6;1;2;500
9;10;1;2;892
3;12;1;2;505
14;17;1;2;1196
7;19;1;2;538
11;6;1;2;859
15;10;1;2;403
10;11;1;2;1078
13;15;1;2;330
9;17;1;2;436
7;20;1;2;953
19;20;1;2;982
4;14;1;2;825
1;7;1;2;281
17;5;1;2;332
7;16;1;2;949
6;2;1;2;570
10;3;1;2;781
8;7;1;2;667
11;16;1;2;455
19;14;1;2;454
12;12;1;2;605
6;7;1;2;1158
11;7;1;2;257
5;15;1;2;701
9;1;1;2;848
18;7;1;2;261
9;8;1;2;0
2;7;1;2;490
9;9;1;2;477
16;7;1;2;142
2;18;1;2;834
7;3;1;2;900
5;6;1;2;847
2;10;1;2;173
16;18;1;2;1114
4;7;1;2;432
18;7;1;2;579
14;8;1;2;937
16;8;1;2;286
6;3;1;2;612
8;16;1;2;470
14;2;1;2;344
15;7;1;2;1061
14;8;1;2;150
7;3;1;2;199
13;19;1;2;958
5;8;1;2;244
16;1;1;2;744
14;8;1;2;723
20;13;1;2;638
12;1;1;2;93
14;14;1;2;895
11;20;1;2;953
12;5;1;2;172
15;4;1;2;807
6;16;1;2;105
4;13;1;2;584
1;8;1;2;696
17;1;1;2;83
20;12;1;2;776
18;16;1;2;868
4;1;1;2;1193
11;11;1;2;253
4;15;1;2;1149
16;9;1;2;952
15;6;1;2;280
12;2;1;2;764
16;2;1;2;231
12;18;1;2;324
16;9;1;2;975
4;19;1;2;1102
12;2;1;2;823
5;4;1;2;1185
10;7;1;2;499
12;14;1;2;819
16;9;1;2;297
16;20;1;2;738
20;8;1;2;691
4;19;1;2;900
8;6;1;2;888
15;9;1;2;798
10;12;1;2;371
13;9;1;2;854
10;10;1;2;800
2;1;1;2;1086
13;17;1;2;966
10;4;1;2;897
20;16;1;2;264
11;19;1;2;963
11;18;1;2;180
12;4;1;2;741
10;13;1;2;264

1;1;13;26
2;1;9;57
3;1;15;80
4;1;8;101
5;1;5;218
6;1;19;239
7;1;15;271
8;1;6;335
9;1;15;391
10;1;14;417
11;1;5;438
12;1;9;459
13;1;11;530
14;1;20;550
15;1;8;571
16;1;18;628
17;1;8;686
18;1;11;695
19;1;11;754
20;1;10;768
21;1;16;797
22;1;12;829
23;1;9;871
24;1;3;916
25;1;17;926
26;1;20;947
27;1;13;968
28;1;1;989
29;1;13;1009
30;1;10;1023
31;1;3;1087
32;1;13;1140
33;1;6;1181
34;1;5;1202
35;1;7;1223
36;1;9;1239
37;1;3;1260
38;1;4;1299
39;1;17;1334
40;1;14;1355
41;1;12;1376
42;1;6;1407
43;1;15;1429
44;1;6;1467
45;1;17;1478
46;1;5;1500
47;1;12;1515
48;1;2;1536
49;1;19;1572
50;1;5;1594
*** EOF ***