**** 22 ****
100
8;14;1;2;774
14;10;1;2;323
7;6;1;2;532
16;6;1;2;965
11;16;1;2;49
10;7;1;2;1103
11;12;1;2;977
9;13;1;2;557
3;1;1;2;926
9;16;1;2;989
12;15;1;2;514
18;1;1;2;676
1;7;1;2;201
6;2;1;2;599
3;12;1;2;954
12;14;1;2;512
15;4;1;2;544
13;5;1;2;968
10;19;1;2;589
8;19;1;2;1036
9;10;1;2;90
16;20;1;2;342
12;12;1;2;168
13;17;1;2;289
4;19;1;2;453
18;10;1;2;1046
3;5;1;2;261
7;9;1;2;917
15;18;1;2;835
16;17;1;2;1193
12;18;1;2;1095
15;13;1;2;466
17;4;1;2;477
6;8;1;2;814
7;12;1;2;392
12;1;1;2;814
18;3;1;2;78
20;1;1;2;1066
17;8;1;2;735
5;3;1;2;363
10;7;1;2;940
17;1;1;2;932
3;9;1;2;167
1;6;1;2;895
15;13;1;2;466
19;16;1;2;186
13;14;1;2;921
11;5;1;2;461
9;13;1;2;128
16;17;1;2;863
20;19;1;2;949
12;15;1;2;829
5;18;1;2;349
4;18;1;2;175
19;4;1;2;99
5;2;1;2;574
4;15;1;2;247
17;17;1;2;83
18;18;1;2;296
19;13;1;2;24
2;4;1;2;462
11;16;1;2;1009
12;12;1;2;226
1;15;1;2;495
16;6;1;2;230
7;2;1;2;671
2;17;1;2;937
1;13;1;2;754
5;11;1;2;691
13;9;1;2;635
17;10;1;2;951
12;20;1;2;1026
1;3;1;2;449
19;3;1;2;235
6;11;1;2;432
16;17;1;2;1154
19;10;1;2;890
17;11;1;2;563
3;7;1;2;985
14;11;1;2;733
1;19;1;2;174
12;10;1;2;1105
10;2;1;2;1107
11;12;1;2;881
19;17;1;2;251
11;4;1;2;0
5;3;1;2;409
16;11;1;2;1171
11;13;1;2;837
16;18;1;2;759
9;18;1;2;258
15;2;1;2;147
20;11;1;2;941
19;14;1;2;112
20;12;1;2;61
12;2;1;2;664
12;7;1;2;898
13;14;1;2;148
5;4;1;2;1072
14;11;1;2;409

1;1;16;37
2;1;1;71
3;1;1;73
4;1;19;88
5;1;18;109
6;1;7;160
7;1;14;335
8;1;7;350
9;1;19;358
10;1;5;379
11;1;6;400
12;1;17;425
13;1;9;448
14;1;17;469
15;1;11;490
16;1;11;511
17;1;3;533
18;1;10;551
19;1;2;572
20;1;15;584
21;1;10;605
22;1;13;654
23;1;15;713
24;1;12;830
25;1;7;851
26;1;4;867
27;1;10;891
28;1;5;978
29;1;13;1004
30;1;10;1025
31;1;12;1104
32;1;8;1126
33;1;19;1163
34;1;8;1184
35;1;12;1253
36;1;11;1274
37;1;8;1295
38;1;14;1316
39;1;20;1337
40;1;16;1358
41;1;12;1379
42;1;11;1400
43;1;7;1421
44;1;19;1442
45;1;2;1463
46;1;17;1484
47;1;16;1505
48;1;1;1526
49;1;4;1547
50;1;20;1568
*** EOF ***