**** 20 ****
100
1;20;1;2;106
15;17;1;2;108
1;17;1;2;101
11;8;1;2;163
8;3;1;2;218
10;6;1;2;46
13;13;1;2;74
7;20;1;2;135
16;2;1;2;72
10;15;1;2;360
2;7;1;2;19
8;2;1;2;327
9;14;1;2;15
10;16;1;2;363
5;4;1;2;125
4;5;1;2;22
10;9;1;2;106
16;7;1;2;45
11;2;1;2;38
16;11;1;2;373
16;13;1;2;311
7;12;1;2;144
6;20;1;2;249
1;1;1;2;17
4;6;1;2;80
2;9;1;2;176
16;10;1;2;364
3;18;1;2;171
20;8;1;2;192
19;15;1;2;303
4;10;1;2;307
15;8;1;2;358
12;13;1;2;118
1;14;1;2;390
18;9;1;2;235
10;10;1;2;175
6;6;1;2;257
11;20;1;2;154
14;19;1;2;0
6;9;1;2;176
1;12;1;2;237
8;19;1;2;157
19;10;1;2;309
9;10;1;2;214
19;20;1;2;283
15;9;1;2;144
10;7;1;2;221
7;17;1;2;172
13;10;1;2;91
7;7;1;2;271
15;8;1;2;383
12;7;1;2;241
9;5;1;2;342
11;13;1;2;183
17;12;1;2;182
20;18;1;2;323
17;7;1;2;29
10;6;1;2;17
3;18;1;2;58
6;4;1;2;344
17;18;1;2;283
20;2;1;2;230
13;2;1;2;94
15;4;1;2;299
11;1;1;2;82
13;12;1;2;79
8;8;1;2;65
17;18;1;2;202
14;20;1;2;292
12;5;1;2;287
9;13;1;2;317
12;13;1;2;218
2;17;1;2;51
9;4;1;2;175
20;14;1;2;307
2;18;1;2;378
1;6;1;2;86
6;2;1;2;355
1;8;1;2;206
13;11;1;2;82
20;19;1;2;254
17;11;1;2;258
7;4;1;2;287
11;12;1;2;282
18;3;1;2;75
5;4;1;2;152
3;4;1;2;389
1;2;1;2;63
8;2;1;2;390
14;6;1;2;180
8;5;1;2;179
15;14;1;2;269
5;12;1;2;184
12;2;1;2;116
14;19;1;2;218
1;3;1;2;174
6;18;1;2;157
15;18;1;2;138
18;6;1;2;271
20;11;1;2;96

1;1;8;169
2;1;9;317
3;1;4;338
4;1;19;365
5;1;8;412
6;1;19;527
7;1;11;548
8;1;7;613
9;1;10;621
10;1;5;647
11;1;7;668
12;1;3;686
13;1;2;697
14;1;8;714
15;1;5;734
16;1;12;763
17;1;16;784
18;1;6;861
19;1;3;882
20;1;4;914
21;1;3;919
22;1;2;950
23;1;10;968
24;1;6;989
25;1;16;1010
26;1;5;1031
27;1;19;1052
28;1;7;1073
29;1;4;1094
30;1;5;1115
31;1;14;1136
32;1;19;1157
33;1;14;1178
34;1;10;1199
35;1;11;1220
36;1;1;1241
37;1;19;1262
38;1;10;1396
39;1;3;1453
40;1;12;1458
41;1;20;1479
42;1;11;1500
43;1;1;1521
44;1;10;1542
45;1;19;1563
46;1;17;1584
47;1;5;1605
48;1;20;1626
49;1;6;1647
50;1;17;1668
*** EOF ***