**** 17 ****
100
19;8;1;2;63
14;18;1;2;127
15;3;1;2;304
10;10;1;2;31
6;12;1;2;239
10;20;1;2;49
1;15;1;2;49
18;16;1;2;368
19;15;1;2;54
11;1;1;2;290
11;11;1;2;210
14;17;1;2;367
1;3;1;2;161
17;12;1;2;203
8;9;1;2;274
8;19;1;2;153
17;11;1;2;139
19;8;1;2;386
19;19;1;2;360
6;9;1;2;292
16;19;1;2;35
18;5;1;2;171
6;17;1;2;385
19;14;1;2;17
2;13;1;2;165
16;12;1;2;355
1;1;1;2;137
12;11;1;2;357
19;9;1;2;395
11;14;1;2;343
4;2;1;2;314
11;19;1;2;18
14;16;1;2;334
19;15;1;2;319
16;8;1;2;0
14;16;1;2;75
1;16;1;2;87
19;20;1;2;137
16;18;1;2;98
11;20;1;2;23
6;3;1;2;204
20;5;1;2;355
18;18;1;2;90
5;17;1;2;276
4;4;1;2;364
8;17;1;2;179
16;10;1;2;226
15;8;1;2;245
5;3;1;2;174
3;5;1;2;374
6;2;1;2;288
3;2;1;2;305
18;11;1;2;242
20;15;1;2;390
17;11;1;2;14
13;18;1;2;382
4;5;1;2;251
2;20;1;2;110
20;4;1;2;364
14;18;1;2;160
20;3;1;2;242
1;5;1;2;75
6;14;1;2;125
20;14;1;2;232
11;10;1;2;362
17;14;1;2;71
19;17;1;2;188
3;18;1;2;47
5;17;1;2;42
10;3;1;2;319
10;14;1;2;53
12;6;1;2;250
7;11;1;2;63
5;11;1;2;288
9;13;1;2;97
11;9;1;2;62
14;19;1;2;10
2;1;1;2;168
1;6;1;2;236
3;7;1;2;390
14;16;1;2;156
20;20;1;2;221
10;6;1;2;44
5;2;1;2;314
14;10;1;2;78
3;12;1;2;246
18;6;1;2;304
8;19;1;2;57
16;20;1;2;14
5;14;1;2;92
7;8;1;2;147
3;7;1;2;326
5;8;1;2;304
9;4;1;2;157
15;9;1;2;167
13;4;1;2;150
11;1;1;2;275
7;8;1;2;186
16;16;1;2;25
2;12;1;2;138

1;1;2;35
2;1;16;103
3;1;13;124
4;1;16;145
5;1;19;225
6;1;20;249
7;1;5;290
8;1;15;311
9;1;19;329
10;1;12;371
11;1;2;408
12;1;18;418
13;1;2;439
14;1;14;461
15;1;4;509
16;1;7;561
17;1;20;570
18;1;12;591
19;1;15;679
20;1;13;700
21;1;14;721
22;1;20;742
23;1;19;763
24;1;20;784
25;1;9;805
26;1;14;826
27;1;1;847
28;1;6;868
29;1;8;889
30;1;15;910
31;1;2;931
32;1;16;952
33;1;17;973
34;1;13;1018
35;1;13;1039
36;1;15;1060
37;1;20;1087
38;1;7;1108
39;1;14;1129
40;1;5;1150
41;1;9;1195
42;1;5;1216
43;1;19;1237
44;1;7;1316
45;1;12;1356
46;1;11;1377
47;1;2;1392
48;1;17;1413
49;1;9;1434
50;1;8;1478
*** EOF ***