**** 2 ****
100
6;3;1;2;10
2;20;1;2;5
15;14;1;2;23
9;20;1;2;37
10;7;1;2;18
18;9;1;2;16
14;15;1;2;23
2;17;1;2;26
20;11;1;2;16
8;18;1;2;38
6;4;1;2;13
9;17;1;2;12
14;3;1;2;37
17;12;1;2;16
7;1;1;2;23
17;10;1;2;3
6;3;1;2;9
9;5;1;2;5
7;4;1;2;8
4;3;1;2;25
14;1;1;2;0
7;9;1;2;17
11;14;1;2;31
8;11;1;2;2
5;9;1;2;22
20;5;1;2;11
15;10;1;2;6
4;11;1;2;22
1;17;1;2;37
9;12;1;2;39
15;6;1;2;31
15;12;1;2;31
4;3;1;2;5
16;2;1;2;7
10;6;1;2;35
13;17;1;2;11
16;3;1;2;33
14;6;1;2;3
16;7;1;2;11
13;7;1;2;3
13;1;1;2;8
16;8;1;2;31
8;3;1;2;5
13;18;1;2;7
20;8;1;2;4
7;12;1;2;21
10;19;1;2;35
3;13;1;2;1
18;20;1;2;19
10;13;1;2;25
13;17;1;2;38
13;12;1;2;25
4;11;1;2;27
2;3;1;2;37
9;14;1;2;16
13;20;1;2;19
6;10;1;2;9
2;4;1;2;33
15;2;1;2;33
6;3;1;2;5
3;7;1;2;13
13;19;1;2;24
10;14;1;2;7
10;15;1;2;29
7;15;1;2;35
15;20;1;2;26
6;5;1;2;15
15;18;1;2;11
9;4;1;2;24
2;9;1;2;26
19;4;1;2;4
12;16;1;2;22
8;6;1;2;7
15;15;1;2;14
17;1;1;2;8
12;7;1;2;27
18;12;1;2;4
6;6;1;2;21
9;6;1;2;17
13;19;1;2;25
11;17;1;2;8
15;20;1;2;4
9;20;1;2;29
16;14;1;2;23
2;2;1;2;15
11;5;1;2;13
10;15;1;2;4
6;20;1;2;21
20;20;1;2;27
17;12;1;2;5
2;14;1;2;34
3;8;1;2;5
7;8;1;2;24
8;15;1;2;10
3;17;1;2;31
10;19;1;2;28
3;20;1;2;2
7;6;1;2;33
20;5;1;2;12
19;1;1;2;3

1;1;1;10
2;1;1;17
3;1;4;29
4;1;6;96
5;1;6;141
6;1;6;150
7;1;7;170
8;1;7;181
9;1;4;220
10;1;10;240
11;1;2;251
12;1;9;277
13;1;1;288
14;1;7;300
15;1;2;360
16;1;1;446
17;1;3;448
18;1;1;453
19;1;8;473
20;1;8;484
21;1;4;552
22;1;1;600
23;1;8;602
24;1;4;721
25;1;10;760
26;1;9;798
27;1;9;856
28;1;6;891
29;1;5;916
30;1;3;939
31;1;8;958
32;1;5;969
33;1;10;980
34;1;10;1084
35;1;6;1104
36;1;10;1115
37;1;2;1133
38;1;6;1141
39;1;10;1226
40;1;7;1270
41;1;7;1287
42;1;7;1298
43;1;2;1373
44;1;7;1387
45;1;9;1396
46;1;5;1421
47;1;1;1464
48;1;3;1499
49;1;8;1531
50;1;9;1570
*** EOF ***