**** 21 ****
100
17;17;1;2;198
18;18;1;2;1066
1;17;1;2;924
2;13;1;2;375
6;8;1;2;1047
4;10;1;2;623
6;13;1;2;1070
1;8;1;2;1113
4;13;1;2;500
7;12;1;2;585
4;9;1;2;54
2;18;1;2;271
20;11;1;2;1147
5;4;1;2;1192
12;1;1;2;519
19;5;1;2;949
14;2;1;2;1193
4;2;1;2;441
10;5;1;2;1125
2;3;1;2;236
7;6;1;2;976
13;20;1;2;726
5;11;1;2;1048
4;15;1;2;531
16;18;1;2;1192
8;16;1;2;116
9;1;1;2;157
2;17;1;2;271
15;6;1;2;187
20;7;1;2;462
9;5;1;2;907
17;18;1;2;378
3;14;1;2;789
11;9;1;2;1015
3;17;1;2;233
7;4;1;2;1040
3;4;1;2;461
12;17;1;2;1117
3;12;1;2;874
3;11;1;2;1080
5;11;1;2;624
4;8;1;2;1113
3;10;1;2;418
4;13;1;2;887
11;7;1;2;463
16;13;1;2;18
17;7;1;2;501
10;10;1;2;209
19;5;1;2;80
13;7;1;2;743
5;3;1;2;33
1;6;1;2;480
15;20;1;2;762
5;15;1;2;726
12;6;1;2;552
15;1;1;2;936
5;9;1;2;794
6;18;1;2;283
8;8;1;2;379
8;12;1;2;565
3;16;1;2;1159
17;9;1;2;1165
9;15;1;2;816
3;19;1;2;551
9;11;1;2;536
13;17;1;2;508
1;2;1;2;1157
15;19;1;2;46
11;6;1;2;1046
10;6;1;2;1077
8;8;1;2;725
7;16;1;2;613
4;5;1;2;159
1;7;1;2;277
12;8;1;2;159
20;20;1;2;268
8;1;1;2;621
17;7;1;2;519
4;9;1;2;877
2;11;1;2;574
19;18;1;2;0
16;16;1;2;249
1;12;1;2;1093
20;12;1;2;751
10;15;1;2;1150
9;14;1;2;442
9;13;1;2;762
10;10;1;2;360
2;5;1;2;369
19;6;1;2;319
13;16;1;2;1128
6;12;1;2;355
15;12;1;2;366
20;4;1;2;1129
4;13;1;2;443
14;13;1;2;748
16;2;1;2;1001
10;11;1;2;662
3;12;1;2;978
12;2;1;2;243

1;1;1;75
2;1;5;114
3;1;7;125
4;1;2;188
5;1;9;192
6;1;14;214
7;1;13;278
8;1;7;299
9;1;3;320
10;1;3;341
11;1;2;362
12;1;14;383
13;1;5;404
14;1;19;584
15;1;19;605
16;1;9;626
17;1;6;670
18;1;17;685
19;1;18;706
20;1;2;727
21;1;14;748
22;1;15;769
23;1;9;799
24;1;2;842
25;1;11;873
26;1;10;894
27;1;7;915
28;1;14;924
29;1;6;945
30;1;9;988
31;1;10;1002
32;1;2;1058
33;1;5;1119
34;1;1;1162
35;1;18;1230
36;1;16;1251
37;1;16;1272
38;1;5;1293
39;1;3;1314
40;1;17;1335
41;1;19;1356
42;1;19;1377
43;1;6;1398
44;1;13;1419
45;1;11;1440
46;1;5;1470
47;1;9;1514
48;1;13;1582
49;1;19;1603
50;1;10;1624
*** EOF ***