**** 8 ****
100
140;83;1;2;959
164;92;1;2;894
126;108;1;2;656
186;82;1;2;186
125;36;1;2;399
158;146;1;2;883
66;173;1;2;420
149;199;1;2;102
105;90;1;2;886
3;190;1;2;783
144;82;1;2;66
103;45;1;2;309
149;170;1;2;816
5;107;1;2;98
143;31;1;2;333
142;141;1;2;231
26;6;1;2;803
198;106;1;2;953
100;162;1;2;794
139;165;1;2;136
122;60;1;2;617
140;114;1;2;0
49;62;1;2;534
18;18;1;2;41
116;161;1;2;671
49;54;1;2;411
80;31;1;2;769
35;29;1;2;626
141;80;1;2;588
135;18;1;2;504
23;92;1;2;115
40;183;1;2;28
53;32;1;2;841
188;49;1;2;858
29;116;1;2;970
52;164;1;2;576
16;196;1;2;206
137;182;1;2;634
115;74;1;2;666
103;9;1;2;483
159;31;1;2;574
74;23;1;2;357
54;27;1;2;140
95;14;1;2;740
106;194;1;2;255
28;198;1;2;370
4;13;1;2;317
11;149;1;2;899
197;15;1;2;772
63;118;1;2;732
99;28;1;2;915
25;54;1;2;289
134;107;1;2;515
74;154;1;2;129
14;59;1;2;874
21;38;1;2;71
192;42;1;2;835
61;4;1;2;583
112;200;1;2;350
85;15;1;2;19
169;113;1;2;446
36;137;1;2;99
125;71;1;2;358
41;96;1;2;711
122;62;1;2;721
148;34;1;2;358
20;25;1;2;551
55;38;1;2;154
191;149;1;2;506
141;33;1;2;920
160;154;1;2;584
158;141;1;2;72
10;66;1;2;94
168;58;1;2;790
31;131;1;2;603
104;30;1;2;436
62;49;1;2;13
14;56;1;2;650
120;198;1;2;598
26;90;1;2;983
98;1;1;2;888
82;158;1;2;228
107;119;1;2;645
1;38;1;2;654
143;68;1;2;736
146;171;1;2;766
135;185;1;2;166
148;150;1;2;421
198;69;1;2;170
148;47;1;2;411
131;144;1;2;811
19;178;1;2;521
48;36;1;2;639
45;36;1;2;877
100;131;1;2;296
36;28;1;2;267
2;162;1;2;203
169;109;1;2;952
142;58;1;2;372
65;6;1;2;618

1;1;66;106
2;1;95;673
3;1;91;774
4;1;26;875
5;1;3;1022
6;1;93;1494
7;1;96;1595
8;1;93;1696
9;1;42;1829
10;1;54;2050
11;1;88;2480
12;1;5;3259
13;1;61;3504
14;1;78;4000
15;1;58;4186
16;1;54;4343
17;1;73;4663
18;1;40;4939
19;1;82;5019
20;1;24;5120
21;1;40;5319
22;1;78;5651
23;1;62;5752
24;1;100;5853
25;1;52;5954
26;1;12;6072
27;1;57;6803
28;1;16;7202
29;1;79;8621
30;1;94;9508
31;1;80;9609
32;1;97;10085
33;1;88;10186
34;1;28;10339
35;1;43;10799
36;1;42;10963
37;1;6;11163
38;1;90;11301
39;1;27;11478
40;1;56;11758
41;1;76;12259
42;1;1;12385
43;1;29;12649
44;1;46;13114
45;1;6;13165
46;1;44;13863
47;1;68;14124
48;1;58;14799
49;1;36;15387
50;1;52;15808
*** EOF ***