**** 6 ****
100
148;48;1;2;709
87;120;1;2;742
104;177;1;2;298
91;195;1;2;708
79;89;1;2;423
39;109;1;2;254
191;79;1;2;911
193;169;1;2;792
84;54;1;2;852
23;183;1;2;618
125;83;1;2;465
186;121;1;2;584
80;24;1;2;512
179;114;1;2;306
39;193;1;2;546
63;183;1;2;54
69;125;1;2;484
180;70;1;2;0
124;153;1;2;410
129;127;1;2;592
147;3;1;2;74
164;188;1;2;194
100;20;1;2;418
12;198;1;2;283
118;188;1;2;75
16;2;1;2;10
23;70;1;2;286
107;2;1;2;355
64;125;1;2;59
74;53;1;2;785
18;151;1;2;787
93;66;1;2;127
39;165;1;2;546
9;176;1;2;695
93;45;1;2;634
120;61;1;2;436
130;83;1;2;705
169;141;1;2;706
124;4;1;2;583
184;29;1;2;187
121;47;1;2;138
61;91;1;2;603
188;129;1;2;520
86;138;1;2;695
133;30;1;2;492
167;149;1;2;104
155;31;1;2;586
61;199;1;2;478
167;74;1;2;82
102;9;1;2;862
90;130;1;2;708
180;190;1;2;750
135;129;1;2;479
55;166;1;2;368
103;98;1;2;349
195;16;1;2;497
51;171;1;2;879
37;183;1;2;77
115;101;1;2;503
149;3;1;2;511
164;92;1;2;240
24;23;1;2;181
175;157;1;2;461
6;12;1;2;626
174;66;1;2;75
123;12;1;2;443
172;62;1;2;813
52;50;1;2;947
81;116;1;2;847
184;65;1;2;801
48;180;1;2;292
88;3;1;2;514
22;177;1;2;423
83;182;1;2;186
110;155;1;2;851
137;29;1;2;614
180;1;1;2;875
145;52;1;2;924
92;84;1;2;239
92;20;1;2;255
93;67;1;2;834
186;106;1;2;37
52;127;1;2;965
27;162;1;2;747
13;23;1;2;453
16;159;1;2;82
30;139;1;2;482
105;83;1;2;885
181;127;1;2;720
173;18;1;2;139
28;110;1;2;5
15;47;1;2;911
4;51;1;2;389
169;77;1;2;550
116;42;1;2;372
122;57;1;2;931
4;87;1;2;21
38;143;1;2;103
75;124;1;2;181
195;96;1;2;398

1;1;34;18
2;1;20;99
3;1;6;150
4;1;52;459
5;1;57;791
6;1;38;1271
7;1;32;1975
8;1;1;2807
9;1;7;2893
10;1;56;2990
11;1;28;3319
12;1;21;3525
13;1;44;3607
14;1;96;3748
15;1;93;3961
16;1;52;4062
17;1;80;4547
18;1;1;4648
19;1;20;4973
20;1;89;5958
21;1;16;6059
22;1;10;7249
23;1;85;7993
24;1;30;8148
25;1;48;8259
26;1;95;8313
27;1;75;8414
28;1;93;8580
29;1;45;8911
30;1;89;9542
31;1;39;9763
32;1;86;9817
33;1;49;10043
34;1;17;10152
35;1;56;10203
36;1;15;10512
37;1;88;10568
38;1;42;11226
39;1;57;11572
40;1;41;11640
41;1;12;11997
42;1;83;12098
43;1;76;12199
44;1;58;12658
45;1;81;13302
46;1;40;13913
47;1;83;14674
48;1;67;14775
49;1;88;14876
50;1;9;15681
*** EOF ***