**** 24 ****
100
17;10;1;2;525
4;9;1;2;1189
1;15;1;2;894
16;18;1;2;144
20;2;1;2;428
16;17;1;2;522
13;2;1;2;979
1;10;1;2;1168
1;17;1;2;78
14;17;1;2;819
17;5;1;2;348
2;8;1;2;276
11;20;1;2;143
17;8;1;2;840
1;7;1;2;422
1;14;1;2;210
16;6;1;2;583
7;6;1;2;653
15;18;1;2;661
13;11;1;2;1057
5;7;1;2;114
13;9;1;2;493
2;11;1;2;233
5;20;1;2;1000
17;12;1;2;58
11;5;1;2;243
14;12;1;2;1088
17;18;1;2;5
2;5;1;2;154
4;9;1;2;864
13;13;1;2;822
7;18;1;2;202
1;11;1;2;193
14;7;1;2;344
6;15;1;2;447
4;6;1;2;931
7;19;1;2;622
7;7;1;2;852
4;9;1;2;36
18;12;1;2;156
14;4;1;2;481
16;3;1;2;510
19;3;1;2;520
4;16;1;2;158
20;13;1;2;1112
7;8;1;2;557
19;6;1;2;607
13;4;1;2;646
5;7;1;2;974
13;16;1;2;557
2;9;1;2;452
3;16;1;2;774
13;6;1;2;816
5;1;1;2;1163
3;20;1;2;767
15;7;1;2;534
5;17;1;2;1059
4;1;1;2;182
10;6;1;2;660
16;10;1;2;247
5;11;1;2;655
18;5;1;2;163
4;9;1;2;1020
13;13;1;2;1021
8;7;1;2;860
16;14;1;2;138
2;10;1;2;986
14;13;1;2;427
8;15;1;2;864
1;2;1;2;1133
8;7;1;2;896
16;16;1;2;280
19;11;1;2;149
19;3;1;2;173
12;3;1;2;160
5;10;1;2;373
3;11;1;2;522
2;16;1;2;366
9;4;1;2;200
5;16;1;2;502
18;3;1;2;980
14;18;1;2;535
7;16;1;2;645
8;7;1;2;80
1;18;1;2;0
1;2;1;2;683
6;17;1;2;1105
20;18;1;2;281
7;18;1;2;296
19;2;1;2;611
13;11;1;2;273
13;17;1;2;643
20;15;1;2;330
18;2;1;2;356
18;2;1;2;46
12;15;1;2;1107
15;12;1;2;1135
12;12;1;2;764
13;18;1;2;773
1;16;1;2;826

1;1;3;14
2;1;17;92
3;1;18;163
4;1;18;184
5;1;11;205
6;1;12;226
7;1;7;247
8;1;9;268
9;1;13;289
10;1;3;310
11;1;20;331
12;1;8;352
13;1;6;373
14;1;16;394
15;1;13;415
16;1;3;436
17;1;10;457
18;1;20;478
19;1;12;499
20;1;18;520
21;1;15;541
22;1;1;562
23;1;4;583
24;1;8;604
25;1;13;625
26;1;16;646
27;1;9;667
28;1;9;688
29;1;11;709
30;1;18;730
31;1;6;751
32;1;19;797
33;1;12;818
34;1;10;848
35;1;7;916
36;1;13;937
37;1;6;958
38;1;1;983
39;1;14;1096
40;1;3;1184
41;1;2;1236
42;1;16;1276
43;1;16;1309
44;1;18;1330
45;1;4;1419
46;1;3;1444
47;1;12;1479
48;1;6;1510
49;1;20;1561
50;1;17;1587
*** EOF ***