**** 9 ****
100
174;110;1;2;696
156;42;1;2;311
194;23;1;2;96
173;199;1;2;407
122;200;1;2;569
173;150;1;2;240
58;109;1;2;74
64;39;1;2;435
166;86;1;2;549
43;148;1;2;505
128;121;1;2;766
24;77;1;2;607
135;70;1;2;430
183;42;1;2;780
142;115;1;2;979
111;88;1;2;280
104;97;1;2;389
178;112;1;2;979
165;77;1;2;0
114;120;1;2;764
171;47;1;2;684
138;22;1;2;760
145;108;1;2;181
127;90;1;2;823
59;32;1;2;89
39;94;1;2;376
119;197;1;2;672
60;126;1;2;783
39;91;1;2;60
56;156;1;2;331
20;127;1;2;329
56;16;1;2;750
17;160;1;2;257
198;39;1;2;946
173;97;1;2;929
63;87;1;2;423
191;158;1;2;371
16;17;1;2;497
151;8;1;2;939
163;15;1;2;894
94;34;1;2;572
175;89;1;2;739
125;57;1;2;299
134;7;1;2;89
33;179;1;2;537
162;193;1;2;624
137;136;1;2;981
109;151;1;2;349
6;101;1;2;356
145;16;1;2;370
191;109;1;2;155
116;36;1;2;396
55;112;1;2;852
106;46;1;2;58
195;78;1;2;189
133;39;1;2;333
109;176;1;2;868
90;36;1;2;170
39;41;1;2;671
148;137;1;2;486
118;79;1;2;946
74;194;1;2;733
22;1;1;2;245
74;106;1;2;90
85;53;1;2;567
26;137;1;2;957
159;45;1;2;684
180;86;1;2;119
150;76;1;2;111
173;23;1;2;247
11;93;1;2;126
110;118;1;2;671
43;139;1;2;271
88;164;1;2;929
178;200;1;2;733
97;25;1;2;869
7;136;1;2;665
91;67;1;2;750
163;168;1;2;177
74;141;1;2;952
74;103;1;2;444
152;12;1;2;513
23;55;1;2;203
47;94;1;2;366
176;24;1;2;118
61;120;1;2;942
130;126;1;2;229
195;169;1;2;847
97;131;1;2;615
74;4;1;2;907
26;29;1;2;209
22;180;1;2;821
135;3;1;2;827
138;1;1;2;472
57;128;1;2;495
175;188;1;2;815
69;117;1;2;92
51;63;1;2;660
98;159;1;2;990
65;184;1;2;546

1;1;7;139
2;1;78;246
3;1;15;753
4;1;7;1223
5;1;78;1657
6;1;35;1979
7;1;61;2715
8;1;32;2816
9;1;62;2917
10;1;41;3267
11;1;16;3371
12;1;100;3388
13;1;2;3489
14;1;62;3673
15;1;27;3774
16;1;27;4123
17;1;56;4489
18;1;38;4763
19;1;64;4829
20;1;56;4930
21;1;34;5031
22;1;49;5132
23;1;58;5252
24;1;72;5353
25;1;18;5505
26;1;2;5792
27;1;98;5986
28;1;40;6087
29;1;16;6310
30;1;61;7778
31;1;57;7968
32;1;96;9018
33;1;29;9225
34;1;82;9579
35;1;67;10010
36;1;16;10216
37;1;13;10247
38;1;34;10865
39;1;6;11308
40;1;22;11359
41;1;5;11393
42;1;6;11457
43;1;35;11558
44;1;69;11707
45;1;37;11838
46;1;2;11939
47;1;100;12033
48;1;88;12134
49;1;36;14851
50;1;62;14976
*** EOF ***