**** 13 ****
100
11;9;1;2;37
4;5;1;2;84
17;17;1;2;13
5;17;1;2;10
17;20;1;2;34
19;14;1;2;11
17;10;1;2;52
13;9;1;2;51
18;2;1;2;77
20;6;1;2;7
19;16;1;2;56
16;20;1;2;32
13;8;1;2;20
6;5;1;2;16
8;1;1;2;28
14;20;1;2;81
5;8;1;2;71
10;20;1;2;79
1;9;1;2;80
10;20;1;2;85
9;18;1;2;33
5;6;1;2;72
9;10;1;2;51
9;7;1;2;55
18;15;1;2;16
6;20;1;2;47
7;17;1;2;66
18;6;1;2;37
10;18;1;2;85
2;19;1;2;44
20;7;1;2;74
13;4;1;2;11
17;4;1;2;40
20;13;1;2;78
16;10;1;2;32
4;15;1;2;44
3;13;1;2;20
9;11;1;2;17
6;12;1;2;34
3;5;1;2;4
19;4;1;2;82
5;8;1;2;77
8;16;1;2;21
8;8;1;2;33
7;15;1;2;34
11;18;1;2;0
15;12;1;2;12
7;20;1;2;94
4;17;1;2;25
10;11;1;2;42
6;1;1;2;25
9;6;1;2;65
6;13;1;2;32
7;13;1;2;79
12;11;1;2;13
6;13;1;2;2
6;20;1;2;93
19;6;1;2;4
13;2;1;2;72
11;11;1;2;34
13;17;1;2;35
10;17;1;2;52
7;2;1;2;44
20;1;1;2;8
11;12;1;2;18
5;10;1;2;11
19;7;1;2;82
13;17;1;2;47
9;10;1;2;28
14;12;1;2;11
8;16;1;2;99
3;17;1;2;27
15;4;1;2;20
12;3;1;2;0
20;13;1;2;4
11;9;1;2;13
14;8;1;2;79
16;12;1;2;16
15;12;1;2;17
16;5;1;2;60
7;13;1;2;87
18;7;1;2;23
5;14;1;2;86
5;5;1;2;60
18;16;1;2;25
2;6;1;2;93
7;11;1;2;72
18;6;1;2;55
6;1;1;2;47
15;8;1;2;23
15;14;1;2;67
2;3;1;2;14
6;19;1;2;67
4;15;1;2;23
5;4;1;2;38
10;5;1;2;36
15;3;1;2;26
20;1;1;2;44
15;6;1;2;36
14;1;1;2;83

1;1;3;5
2;1;8;26
3;1;8;47
4;1;5;68
5;1;9;89
6;1;20;110
7;1;9;131
8;1;14;152
9;1;5;173
10;1;7;194
11;1;5;215
12;1;20;236
13;1;20;257
14;1;7;278
15;1;12;299
16;1;2;320
17;1;7;341
18;1;19;362
19;1;10;383
20;1;20;404
21;1;7;425
22;1;10;446
23;1;7;467
24;1;16;488
25;1;2;509
26;1;3;530
27;1;3;551
28;1;13;572
29;1;6;593
30;1;7;614
31;1;17;635
32;1;18;656
33;1;4;677
34;1;5;698
35;1;4;719
36;1;20;740
37;1;9;761
38;1;10;782
39;1;4;803
40;1;5;824
41;1;7;845
42;1;19;866
43;1;16;887
44;1;11;908
45;1;10;929
46;1;18;950
47;1;7;971
48;1;6;992
49;1;5;1013
50;1;1;1034
*** EOF ***