**** 23 ****
100
9;12;1;2;1142
14;14;1;2;724
20;9;1;2;28
16;3;1;2;25
20;20;1;2;314
10;14;1;2;775
17;9;1;2;433
20;9;1;2;793
5;2;1;2;238
11;9;1;2;53
4;17;1;2;1036
7;2;1;2;881
3;2;1;2;329
3;17;1;2;203
9;8;1;2;922
15;10;1;2;1128
3;6;1;2;216
16;17;1;2;876
9;1;1;2;618
8;4;1;2;1038
13;7;1;2;427
1;5;1;2;368
2;8;1;2;941
11;10;1;2;590
14;10;1;2;157
8;5;1;2;178
16;7;1;2;856
4;14;1;2;512
1;3;1;2;585
11;2;1;2;1180
9;6;1;2;1178
8;6;1;2;875
9;19;1;2;642
10;1;1;2;363
20;6;1;2;913
10;13;1;2;909
20;1;1;2;775
16;16;1;2;448
1;8;1;2;722
18;10;1;2;635
18;11;1;2;592
8;18;1;2;429
3;6;1;2;1027
17;8;1;2;1019
1;19;1;2;1104
14;20;1;2;509
15;20;1;2;361
2;7;1;2;876
2;7;1;2;36
17;4;1;2;505
12;13;1;2;427
17;1;1;2;725
6;15;1;2;422
6;12;1;2;109
5;12;1;2;1080
2;17;1;2;739
11;11;1;2;1170
12;12;1;2;477
20;5;1;2;723
8;1;1;2;799
6;13;1;2;331
13;9;1;2;0
10;6;1;2;338
5;3;1;2;1129
6;8;1;2;692
6;1;1;2;1140
18;11;1;2;630
8;14;1;2;993
5;5;1;2;277
9;13;1;2;758
8;18;1;2;1022
11;2;1;2;462
15;4;1;2;1059
5;8;1;2;242
6;13;1;2;581
10;11;1;2;781
10;8;1;2;151
12;15;1;2;956
5;20;1;2;120
14;20;1;2;784
4;19;1;2;1053
18;9;1;2;155
20;15;1;2;1070
20;11;1;2;1117
14;16;1;2;261
15;5;1;2;431
16;6;1;2;318
19;17;1;2;245
7;1;1;2;336
7;7;1;2;115
4;10;1;2;1085
17;8;1;2;825
4;19;1;2;540
14;10;1;2;422
3;3;1;2;50
5;17;1;2;466
16;4;1;2;412
7;14;1;2;868
12;20;1;2;429
8;19;1;2;427

1;1;5;26
2;1;17;51
3;1;10;72
4;1;8;132
5;1;7;169
6;1;1;190
7;1;19;231
8;1;16;252
9;1;15;275
10;1;8;305
11;1;2;319
12;1;14;347
13;1;2;415
14;1;20;473
15;1;2;494
16;1;2;515
17;1;3;551
18;1;3;572
19;1;20;581
20;1;10;605
21;1;15;626
22;1;15;647
23;1;14;668
24;1;7;715
25;1;10;781
26;1;14;801
27;1;13;822
28;1;15;843
29;1;19;961
30;1;20;982
31;1;10;1003
32;1;19;1024
33;1;3;1045
34;1;16;1066
35;1;16;1087
36;1;16;1108
37;1;1;1129
38;1;8;1150
39;1;1;1236
40;1;9;1271
41;1;9;1290
42;1;12;1337
43;1;8;1358
44;1;8;1379
45;1;1;1400
46;1;6;1421
47;1;19;1442
48;1;7;1463
49;1;6;1513
50;1;14;1541
*** EOF ***