**** 1 ****
100
11;8;1;2;35
18;7;1;2;30
12;8;1;2;3
13;4;1;2;1
7;6;1;2;38
4;5;1;2;28
14;20;1;2;29
5;13;1;2;4
7;5;1;2;35
5;17;1;2;20
16;19;1;2;39
3;17;1;2;18
6;20;1;2;25
9;4;1;2;20
2;10;1;2;38
20;6;1;2;22
1;19;1;2;13
2;15;1;2;26
18;13;1;2;2
13;17;1;2;10
6;4;1;2;9
5;7;1;2;17
3;4;1;2;28
1;12;1;2;31
1;14;1;2;32
19;5;1;2;29
14;17;1;2;19
7;10;1;2;33
5;20;1;2;5
20;12;1;2;14
10;9;1;2;17
19;6;1;2;35
8;20;1;2;18
16;20;1;2;2
19;1;1;2;27
12;11;1;2;3
13;4;1;2;0
13;3;1;2;21
6;7;1;2;0
4;6;1;2;4
18;8;1;2;12
7;6;1;2;17
15;14;1;2;37
13;1;1;2;16
7;20;1;2;8
14;3;1;2;11
18;15;1;2;6
18;7;1;2;8
11;5;1;2;27
12;8;1;2;24
16;17;1;2;11
20;15;1;2;29
18;9;1;2;14
7;2;1;2;34
15;8;1;2;25
16;14;1;2;27
7;11;1;2;14
13;20;1;2;12
14;10;1;2;16
13;13;1;2;15
17;8;1;2;23
1;8;1;2;18
2;17;1;2;26
16;15;1;2;19
2;9;1;2;39
8;4;1;2;32
7;2;1;2;34
13;7;1;2;13
6;20;1;2;14
14;12;1;2;7
10;20;1;2;26
5;12;1;2;13
15;13;1;2;1
2;20;1;2;35
13;2;1;2;36
12;1;1;2;11
16;19;1;2;13
10;12;1;2;39
3;17;1;2;10
18;10;1;2;33
17;11;1;2;12
3;8;1;2;16
9;2;1;2;8
10;15;1;2;28
18;8;1;2;21
6;19;1;2;13
17;7;1;2;31
10;16;1;2;34
1;11;1;2;2
3;20;1;2;24
16;16;1;2;34
9;18;1;2;33
5;6;1;2;15
5;8;1;2;29
5;17;1;2;16
18;2;1;2;7
11;18;1;2;25
15;20;1;2;0
9;12;1;2;2
4;15;1;2;21

1;1;3;22
2;1;2;33
3;1;5;122
4;1;5;133
5;1;4;144
6;1;5;155
7;1;7;208
8;1;7;227
9;1;6;271
10;1;10;439
11;1;4;480
12;1;4;491
13;1;7;541
14;1;7;552
15;1;10;629
16;1;10;675
17;1;9;686
18;1;9;738
19;1;7;762
20;1;4;864
21;1;3;879
22;1;10;883
23;1;6;894
24;1;7;913
25;1;5;924
26;1;6;949
27;1;10;960
28;1;6;993
29;1;7;1114
30;1;7;1134
31;1;2;1155
32;1;6;1160
33;1;1;1178
34;1;7;1212
35;1;4;1223
36;1;5;1328
37;1;9;1339
38;1;4;1350
39;1;10;1361
40;1;3;1415
41;1;4;1448
42;1;7;1478
43;1;1;1489
44;1;3;1500
45;1;1;1504
46;1;4;1510
47;1;1;1534
48;1;7;1536
49;1;9;1545
50;1;9;1570
*** EOF ***