**** 28 ****
100
6;32;1;2;865
42;9;1;2;1174
34;43;1;2;887
49;46;1;2;1739
47;32;1;2;2742
30;3;1;2;623
27;15;1;2;227
21;11;1;2;1370
14;47;1;2;2907
14;44;1;2;1352
39;49;1;2;2633
5;42;1;2;1344
31;25;1;2;986
20;24;1;2;2631
9;20;1;2;2114
2;2;1;2;418
27;28;1;2;1432
6;50;1;2;2894
29;15;1;2;1591
38;28;1;2;1836
41;19;1;2;1235
26;25;1;2;1876
20;5;1;2;1453
8;25;1;2;1126
39;35;1;2;847
5;38;1;2;2898
23;17;1;2;1578
6;22;1;2;2879
2;50;1;2;1894
43;40;1;2;2023
30;30;1;2;1443
17;7;1;2;667
45;27;1;2;1574
48;34;1;2;2050
26;25;1;2;834
24;31;1;2;1374
24;4;1;2;940
4;11;1;2;111
34;12;1;2;963
30;7;1;2;402
3;38;1;2;133
47;4;1;2;2789
16;50;1;2;1067
40;50;1;2;1953
40;25;1;2;2429
27;50;1;2;1609
1;26;1;2;264
43;29;1;2;2474
4;14;1;2;2838
19;43;1;2;2594
23;46;1;2;931
6;44;1;2;2436
48;9;1;2;337
17;1;1;2;1736
22;42;1;2;2463
3;18;1;2;364
13;20;1;2;1339
29;12;1;2;1670
4;18;1;2;883
44;36;1;2;1226
40;9;1;2;2073
21;16;1;2;1516
9;15;1;2;926
48;34;1;2;1526
35;5;1;2;70
50;8;1;2;2687
14;22;1;2;2809
4;50;1;2;670
26;5;1;2;87
9;50;1;2;2375
35;39;1;2;1935
8;11;1;2;2252
26;19;1;2;117
3;19;1;2;300
31;3;1;2;2106
1;4;1;2;1965
41;17;1;2;1486
50;22;1;2;1638
22;47;1;2;1894
12;8;1;2;2094
37;42;1;2;2182
24;2;1;2;443
26;27;1;2;2663
45;31;1;2;181
47;12;1;2;1085
4;14;1;2;1838
19;4;1;2;157
8;5;1;2;380
46;27;1;2;1179
42;38;1;2;436
36;26;1;2;2377
19;49;1;2;780
14;26;1;2;2457
27;23;1;2;37
11;19;1;2;1400
46;24;1;2;264
37;45;1;2;0
44;4;1;2;124
24;1;1;2;1952
3;42;1;2;2239

1;1;11;5
2;1;42;56
3;1;43;107
4;1;49;158
5;1;43;209
6;1;16;260
7;1;21;311
8;1;22;362
9;1;28;413
10;1;33;464
11;1;8;515
12;1;47;566
13;1;17;617
14;1;34;668
15;1;31;719
16;1;48;770
17;1;36;821
18;1;7;872
19;1;19;923
20;1;48;974
21;1;28;1025
22;1;36;1076
23;1;28;1127
24;1;36;1178
25;1;12;1229
26;1;25;1280
27;1;21;1331
28;1;35;1382
29;1;33;1433
30;1;8;1484
31;1;23;1535
32;1;14;1586
33;1;28;1637
34;1;23;1688
35;1;29;1739
36;1;41;1790
37;1;43;1841
38;1;31;1892
39;1;46;1943
40;1;45;1994
41;1;1;2045
42;1;39;2096
43;1;43;2147
44;1;8;2198
45;1;16;2249
46;1;5;2300
47;1;28;2351
48;1;17;2402
49;1;8;2453
50;1;28;2504
*** EOF ***