**** 11 ****
100
9;10;1;2;45
20;16;1;2;11
11;15;1;2;91
1;8;1;2;34
16;7;1;2;96
2;3;1;2;60
13;12;1;2;61
14;19;1;2;0
15;5;1;2;62
19;6;1;2;4
12;6;1;2;33
9;6;1;2;20
20;8;1;2;34
11;20;1;2;34
17;15;1;2;12
13;8;1;2;34
5;12;1;2;86
6;5;1;2;76
6;19;1;2;32
20;9;1;2;78
4;12;1;2;3
10;20;1;2;40
10;19;1;2;59
17;1;1;2;78
11;17;1;2;12
3;2;1;2;32
9;6;1;2;43
7;12;1;2;8
3;17;1;2;38
8;9;1;2;59
6;12;1;2;70
1;13;1;2;22
14;3;1;2;20
13;19;1;2;13
12;1;1;2;29
16;15;1;2;70
8;3;1;2;48
12;10;1;2;19
12;4;1;2;87
2;11;1;2;15
1;8;1;2;59
4;1;1;2;51
6;14;1;2;13
18;6;1;2;83
3;9;1;2;43
13;5;1;2;57
15;12;1;2;12
3;15;1;2;41
14;18;1;2;76
14;20;1;2;47
1;12;1;2;86
12;7;1;2;46
4;4;1;2;19
9;14;1;2;17
5;16;1;2;65
8;20;1;2;29
18;15;1;2;93
10;9;1;2;47
3;15;1;2;57
19;8;1;2;56
18;20;1;2;59
5;12;1;2;38
11;7;1;2;61
3;15;1;2;6
20;11;1;2;82
5;19;1;2;21
7;8;1;2;47
20;17;1;2;56
19;19;1;2;70
16;17;1;2;29
4;7;1;2;48
16;11;1;2;91
14;1;1;2;57
7;3;1;2;64
14;14;1;2;94
8;19;1;2;44
1;5;1;2;71
9;16;1;2;87
17;14;1;2;37
7;10;1;2;46
8;5;1;2;12
8;20;1;2;22
20;5;1;2;74
9;4;1;2;89
13;17;1;2;82
20;16;1;2;72
4;16;1;2;88
16;4;1;2;23
15;20;1;2;77
5;18;1;2;58
11;17;1;2;74
3;5;1;2;86
17;16;1;2;30
3;4;1;2;73
4;17;1;2;21
19;16;1;2;56
11;11;1;2;4
20;18;1;2;7
15;5;1;2;79
12;9;1;2;88

1;1;12;433
2;1;20;485
3;1;5;521
4;1;20;596
5;1;15;710
6;1;5;731
7;1;7;844
8;1;18;870
9;1;7;891
10;1;1;1049
11;1;13;1057
12;1;1;1165
13;1;17;1215
14;1;15;1329
15;1;19;1346
16;1;9;1581
17;1;7;1602
18;1;2;1638
19;1;18;1680
20;1;15;1874
*** EOF ***