**** 7 ****
100
122;143;1;2;114
155;87;1;2;454
3;50;1;2;975
101;193;1;2;96
127;160;1;2;656
73;129;1;2;210
181;121;1;2;511
22;32;1;2;698
144;35;1;2;801
31;150;1;2;63
75;23;1;2;557
189;130;1;2;596
43;84;1;2;45
171;184;1;2;237
19;62;1;2;748
75;87;1;2;228
37;67;1;2;149
148;88;1;2;732
199;183;1;2;967
152;14;1;2;516
167;88;1;2;138
125;76;1;2;67
73;119;1;2;550
118;41;1;2;686
107;59;1;2;499
56;85;1;2;585
84;121;1;2;251
185;20;1;2;491
118;18;1;2;673
85;170;1;2;286
153;136;1;2;725
43;12;1;2;401
63;84;1;2;471
165;153;1;2;263
3;60;1;2;521
103;67;1;2;605
40;102;1;2;77
92;87;1;2;96
135;156;1;2;714
8;192;1;2;435
47;96;1;2;970
124;138;1;2;582
77;200;1;2;217
100;117;1;2;570
163;119;1;2;229
84;21;1;2;295
41;61;1;2;348
118;104;1;2;834
15;190;1;2;541
81;149;1;2;732
116;147;1;2;627
38;71;1;2;717
172;147;1;2;68
190;47;1;2;584
160;9;1;2;303
141;45;1;2;75
188;85;1;2;487
136;155;1;2;142
123;169;1;2;531
64;1;1;2;680
149;116;1;2;226
128;105;1;2;248
45;77;1;2;795
114;18;1;2;393
50;129;1;2;953
153;69;1;2;997
181;8;1;2;834
68;143;1;2;188
163;17;1;2;508
94;33;1;2;508
126;181;1;2;975
105;60;1;2;231
105;105;1;2;507
52;170;1;2;724
45;19;1;2;452
151;124;1;2;272
148;56;1;2;479
134;75;1;2;774
122;37;1;2;342
182;83;1;2;374
42;160;1;2;306
169;64;1;2;766
1;121;1;2;822
108;172;1;2;543
185;17;1;2;513
189;167;1;2;36
62;66;1;2;891
93;152;1;2;918
67;25;1;2;554
10;7;1;2;36
136;48;1;2;748
43;17;1;2;563
9;169;1;2;83
183;28;1;2;455
126;12;1;2;71
39;1;1;2;589
28;14;1;2;0
71;106;1;2;157
189;125;1;2;582
144;86;1;2;788

1;1;5;42
2;1;3;94
3;1;44;199
4;1;53;3068
5;1;21;3872
6;1;90;5796
7;1;75;7425
8;1;85;8992
9;1;80;9653
10;1;56;9820
11;1;60;10837
12;1;48;11097
13;1;90;11175
14;1;27;11411
15;1;7;11856
16;1;82;13924
17;1;67;15297
18;1;7;15398
19;1;4;17630
20;1;24;18836
*** EOF ***