**** 21 ****
100
16;16;1;2;22
15;14;1;2;667
18;11;1;2;324
1;20;1;2;681
15;3;1;2;1106
11;18;1;2;446
14;3;1;2;83
2;13;1;2;374
20;15;1;2;51
11;6;1;2;538
5;1;1;2;565
7;7;1;2;258
7;17;1;2;709
3;9;1;2;100
4;4;1;2;874
2;14;1;2;551
20;19;1;2;1053
3;20;1;2;1017
18;12;1;2;63
1;14;1;2;848
11;18;1;2;361
17;4;1;2;927
7;2;1;2;703
16;4;1;2;832
8;20;1;2;747
3;1;1;2;200
6;13;1;2;519
12;15;1;2;770
9;4;1;2;973
13;5;1;2;1178
13;15;1;2;775
14;3;1;2;491
2;10;1;2;992
17;17;1;2;556
1;5;1;2;215
8;19;1;2;227
1;4;1;2;1039
12;7;1;2;686
14;16;1;2;389
8;20;1;2;905
6;4;1;2;20
14;18;1;2;554
5;11;1;2;0
9;7;1;2;312
5;20;1;2;1048
12;7;1;2;346
12;7;1;2;661
11;10;1;2;648
9;4;1;2;475
19;11;1;2;206
4;8;1;2;689
16;1;1;2;1086
3;17;1;2;276
18;6;1;2;515
10;2;1;2;234
18;14;1;2;180
16;5;1;2;59
18;7;1;2;740
6;16;1;2;243
13;6;1;2;245
19;1;1;2;373
8;17;1;2;905
15;19;1;2;1134
3;8;1;2;499
18;18;1;2;260
12;7;1;2;985
5;3;1;2;501
16;20;1;2;1048
8;17;1;2;415
12;1;1;2;192
17;19;1;2;932
2;6;1;2;960
8;12;1;2;830
14;15;1;2;558
13;4;1;2;455
5;8;1;2;1073
11;4;1;2;855
12;11;1;2;1166
12;18;1;2;254
7;9;1;2;994
11;6;1;2;1192
4;19;1;2;690
4;18;1;2;221
15;11;1;2;767
5;3;1;2;91
20;20;1;2;330
13;10;1;2;113
1;13;1;2;203
7;5;1;2;140
14;3;1;2;169
8;14;1;2;886
13;9;1;2;264
3;12;1;2;762
16;18;1;2;1112
4;2;1;2;967
7;13;1;2;938
17;18;1;2;107
10;10;1;2;31
13;8;1;2;1055
5;1;1;2;1050

1;1;15;50
2;1;12;79
3;1;3;120
4;1;12;208
5;1;13;258
6;1;4;279
7;1;8;300
8;1;5;321
9;1;13;342
10;1;20;363
11;1;5;436
12;1;9;468
13;1;4;480
14;1;11;517
15;1;17;540
16;1;6;561
17;1;4;582
18;1;3;603
19;1;14;624
20;1;20;645
21;1;9;666
22;1;3;687
23;1;7;705
24;1;19;759
25;1;7;817
26;1;17;842
27;1;14;875
28;1;9;943
29;1;11;956
30;1;13;977
31;1;13;1064
32;1;15;1085
33;1;11;1131
34;1;2;1152
35;1;1;1173
36;1;7;1194
37;1;11;1215
38;1;7;1239
39;1;16;1248
40;1;17;1299
41;1;19;1370
42;1;7;1391
43;1;7;1468
44;1;3;1481
45;1;18;1770
46;1;1;1791
47;1;2;1793
48;1;18;1828
49;1;20;1877
50;1;6;1903
*** EOF ***