**** 6 ****
100
174;147;1;2;760
97;135;1;2;10
82;195;1;2;959
157;28;1;2;144
77;33;1;2;33
175;99;1;2;910
26;109;1;2;574
152;40;1;2;551
134;42;1;2;820
179;122;1;2;613
106;47;1;2;759
19;143;1;2;893
29;176;1;2;239
140;85;1;2;66
84;161;1;2;250
117;88;1;2;901
179;113;1;2;409
153;17;1;2;248
57;150;1;2;841
29;129;1;2;962
43;186;1;2;608
154;4;1;2;102
48;184;1;2;78
39;123;1;2;914
58;159;1;2;474
108;27;1;2;561
9;6;1;2;274
171;110;1;2;442
19;118;1;2;191
61;147;1;2;871
175;141;1;2;657
136;94;1;2;12
190;93;1;2;596
20;132;1;2;718
134;189;1;2;228
9;48;1;2;455
170;9;1;2;12
196;131;1;2;121
38;149;1;2;391
182;161;1;2;289
5;88;1;2;429
62;175;1;2;274
75;116;1;2;719
23;136;1;2;0
141;69;1;2;542
122;29;1;2;589
177;151;1;2;749
189;98;1;2;79
62;88;1;2;180
53;69;1;2;892
142;73;1;2;531
123;87;1;2;705
150;113;1;2;221
69;135;1;2;508
23;27;1;2;128
165;148;1;2;909
154;124;1;2;59
56;64;1;2;556
135;126;1;2;195
67;130;1;2;815
160;24;1;2;288
91;98;1;2;326
149;47;1;2;590
122;67;1;2;324
30;89;1;2;302
110;53;1;2;50
19;159;1;2;725
30;14;1;2;989
187;100;1;2;666
134;167;1;2;795
150;78;1;2;18
190;120;1;2;116
116;68;1;2;714
106;141;1;2;181
182;122;1;2;221
84;32;1;2;674
134;50;1;2;184
12;32;1;2;149
153;170;1;2;648
19;103;1;2;566
14;52;1;2;795
185;41;1;2;515
53;156;1;2;134
167;13;1;2;875
100;194;1;2;596
122;30;1;2;427
148;163;1;2;629
84;126;1;2;260
33;78;1;2;229
33;96;1;2;731
152;62;1;2;935
147;198;1;2;775
62;50;1;2;283
197;168;1;2;695
24;20;1;2;41
20;141;1;2;270
200;40;1;2;784
29;75;1;2;310
41;59;1;2;539
22;91;1;2;435

1;1;43;2747
2;1;43;4020
3;1;16;4424
4;1;77;5923
5;1;52;6028
6;1;51;7255
7;1;46;7707
8;1;44;8663
9;1;73;10430
10;1;54;10625
11;1;42;10726
12;1;87;11746
13;1;93;13507
14;1;76;15352
15;1;40;15583
16;1;66;15767
17;1;42;16534
18;1;25;17005
19;1;30;18129
20;1;94;18734
*** EOF ***