**** 8 ****
100
145;12;1;2;385
135;80;1;2;518
14;179;1;2;356
200;200;1;2;845
149;62;1;2;383
14;122;1;2;139
29;110;1;2;615
70;145;1;2;151
183;124;1;2;166
101;124;1;2;802
119;68;1;2;813
56;155;1;2;44
126;120;1;2;374
83;120;1;2;773
80;20;1;2;434
63;33;1;2;908
154;62;1;2;217
169;83;1;2;514
120;17;1;2;389
87;70;1;2;313
41;188;1;2;132
6;195;1;2;438
50;121;1;2;358
24;155;1;2;677
150;34;1;2;96
136;97;1;2;128
44;50;1;2;541
14;171;1;2;223
128;42;1;2;840
69;80;1;2;261
182;120;1;2;600
67;125;1;2;594
105;126;1;2;114
63;102;1;2;868
92;51;1;2;54
188;138;1;2;702
69;134;1;2;951
162;147;1;2;473
186;26;1;2;715
178;94;1;2;546
191;28;1;2;66
191;46;1;2;142
185;150;1;2;820
52;165;1;2;121
72;8;1;2;171
126;148;1;2;460
28;16;1;2;193
132;129;1;2;939
5;114;1;2;916
72;43;1;2;810
171;33;1;2;989
37;23;1;2;234
131;160;1;2;335
151;11;1;2;651
72;34;1;2;859
195;160;1;2;406
56;187;1;2;773
1;70;1;2;501
141;27;1;2;167
9;98;1;2;961
171;20;1;2;146
160;56;1;2;320
146;187;1;2;79
82;89;1;2;241
133;161;1;2;675
144;107;1;2;786
102;114;1;2;924
75;115;1;2;394
129;7;1;2;20
48;15;1;2;869
9;186;1;2;489
107;145;1;2;296
28;43;1;2;434
59;124;1;2;723
53;8;1;2;635
128;104;1;2;341
66;5;1;2;655
190;32;1;2;769
184;160;1;2;975
156;159;1;2;541
26;119;1;2;926
67;26;1;2;823
163;53;1;2;465
198;63;1;2;540
121;115;1;2;347
108;194;1;2;450
49;59;1;2;607
56;1;1;2;238
25;136;1;2;549
152;92;1;2;707
94;69;1;2;25
172;135;1;2;0
147;49;1;2;254
12;46;1;2;917
104;118;1;2;583
4;25;1;2;577
54;26;1;2;35
13;81;1;2;235
51;58;1;2;923
152;9;1;2;414

1;1;98;905
2;1;37;1067
3;1;18;1331
4;1;21;1383
5;1;18;2165
6;1;54;3668
7;1;63;3758
8;1;91;4324
9;1;24;5276
10;1;36;5377
11;1;61;6940
12;1;63;7616
13;1;51;8481
14;1;67;10509
15;1;46;12237
16;1;73;12346
17;1;69;12433
18;1;100;17540
19;1;25;17897
20;1;62;18865
*** EOF ***