**** 25 ****
100
12;10;1;2;534
16;20;1;2;926
3;10;1;2;297
14;7;1;2;126
13;1;1;2;161
14;12;1;2;662
7;14;1;2;690
4;20;1;2;0
1;15;1;2;327
6;16;1;2;498
5;7;1;2;1147
11;14;1;2;758
9;16;1;2;167
7;1;1;2;705
5;13;1;2;598
6;19;1;2;781
8;17;1;2;494
11;20;1;2;1005
4;20;1;2;812
11;17;1;2;547
2;14;1;2;65
9;4;1;2;898
8;13;1;2;625
7;11;1;2;1118
13;15;1;2;610
11;12;1;2;900
12;20;1;2;1156
18;10;1;2;235
15;5;1;2;1067
7;7;1;2;75
6;8;1;2;648
11;17;1;2;424
1;16;1;2;328
19;2;1;2;1010
17;14;1;2;196
19;16;1;2;447
20;19;1;2;378
16;16;1;2;679
4;3;1;2;203
3;9;1;2;830
18;7;1;2;657
19;9;1;2;1185
15;2;1;2;420
15;20;1;2;434
5;16;1;2;379
1;14;1;2;855
20;5;1;2;945
19;1;1;2;793
18;16;1;2;555
2;10;1;2;195
12;19;1;2;261
1;9;1;2;322
19;15;1;2;923
19;9;1;2;642
13;5;1;2;597
13;17;1;2;902
20;17;1;2;907
5;15;1;2;919
18;12;1;2;326
13;5;1;2;195
1;8;1;2;105
2;9;1;2;354
4;7;1;2;868
7;17;1;2;777
1;2;1;2;593
10;14;1;2;162
13;5;1;2;778
12;9;1;2;1124
3;19;1;2;327
1;3;1;2;992
8;3;1;2;1051
13;5;1;2;811
7;20;1;2;609
16;19;1;2;866
5;19;1;2;319
10;9;1;2;1044
12;13;1;2;648
2;16;1;2;428
6;18;1;2;826
6;10;1;2;349
10;17;1;2;391
1;9;1;2;367
13;8;1;2;599
2;3;1;2;457
20;19;1;2;87
19;20;1;2;87
3;12;1;2;159
3;13;1;2;714
12;11;1;2;623
18;8;1;2;564
19;17;1;2;380
3;9;1;2;881
10;1;1;2;868
9;15;1;2;362
18;6;1;2;140
18;17;1;2;299
5;11;1;2;1002
5;14;1;2;627
11;5;1;2;649
7;14;1;2;196

1;1;16;31
2;1;18;52
3;1;17;73
4;1;15;94
5;1;13;115
6;1;11;136
7;1;9;167
8;1;9;274
9;1;1;314
10;1;17;381
11;1;15;408
12;1;12;429
13;1;14;444
14;1;11;489
15;1;8;569
16;1;14;655
17;1;7;676
18;1;4;697
19;1;17;718
20;1;13;748
21;1;2;806
22;1;13;873
23;1;7;894
24;1;20;951
25;1;16;1003
26;1;6;1038
27;1;1;1073
28;1;12;1169
29;1;13;1201
30;1;3;1218
31;1;4;1223
32;1;4;1285
33;1;1;1302
34;1;8;1336
35;1;18;1361
36;1;17;1394
37;1;6;1415
38;1;6;1427
39;1;13;1456
40;1;3;1526
41;1;16;1695
42;1;20;1716
43;1;11;1737
44;1;20;1758
45;1;18;1779
46;1;12;1800
47;1;6;1821
48;1;19;1828
49;1;18;1849
50;1;3;1870
*** EOF ***