**** 24 ****
100
19;17;1;2;596
17;12;1;2;711
11;15;1;2;673
15;19;1;2;699
17;7;1;2;784
20;20;1;2;555
16;6;1;2;460
10;16;1;2;1155
1;15;1;2;638
13;16;1;2;608
13;6;1;2;984
9;15;1;2;176
20;5;1;2;1110
6;11;1;2;1000
17;7;1;2;1158
1;6;1;2;69
8;13;1;2;934
20;15;1;2;849
15;15;1;2;176
5;19;1;2;91
14;11;1;2;388
10;19;1;2;422
6;11;1;2;506
8;16;1;2;276
8;4;1;2;182
18;4;1;2;540
8;3;1;2;912
14;2;1;2;746
16;9;1;2;333
12;5;1;2;951
15;10;1;2;42
3;20;1;2;600
6;17;1;2;442
4;5;1;2;1089
1;4;1;2;1192
15;2;1;2;687
7;1;1;2;129
20;14;1;2;683
18;9;1;2;1103
11;20;1;2;1179
3;14;1;2;1169
17;17;1;2;8
9;14;1;2;624
12;17;1;2;880
1;9;1;2;224
6;4;1;2;517
13;10;1;2;277
15;1;1;2;1142
10;19;1;2;11
13;9;1;2;162
12;3;1;2;488
13;19;1;2;176
1;8;1;2;849
18;19;1;2;117
18;11;1;2;306
14;16;1;2;1101
11;1;1;2;642
20;15;1;2;1043
3;16;1;2;153
6;20;1;2;0
20;3;1;2;1044
8;16;1;2;74
4;16;1;2;941
5;5;1;2;1191
3;3;1;2;362
1;16;1;2;349
2;19;1;2;289
4;18;1;2;1015
19;12;1;2;810
12;9;1;2;1129
14;9;1;2;752
10;16;1;2;1199
4;12;1;2;574
18;8;1;2;911
9;2;1;2;833
11;2;1;2;420
1;3;1;2;190
2;19;1;2;68
18;17;1;2;1051
20;9;1;2;400
10;14;1;2;1028
14;15;1;2;175
13;10;1;2;418
19;7;1;2;206
2;16;1;2;359
15;18;1;2;481
8;10;1;2;1175
18;4;1;2;333
18;1;1;2;902
2;12;1;2;282
2;13;1;2;27
2;6;1;2;1181
17;10;1;2;922
8;1;1;2;689
14;2;1;2;1176
5;9;1;2;345
6;8;1;2;595
2;5;1;2;518
7;15;1;2;1130
9;16;1;2;841

1;1;2;11
2;1;15;115
3;1;11;136
4;1;6;157
5;1;15;207
6;1;12;233
7;1;6;266
8;1;11;297
9;1;11;445
10;1;15;474
11;1;7;495
12;1;17;516
13;1;13;631
14;1;18;667
15;1;20;688
16;1;7;709
17;1;14;720
18;1;6;771
19;1;15;805
20;1;14;864
21;1;12;937
22;1;20;958
23;1;13;979
24;1;18;1000
25;1;14;1069
26;1;11;1095
27;1;20;1149
28;1;6;1170
29;1;19;1197
30;1;19;1218
31;1;2;1306
32;1;3;1327
33;1;1;1343
34;1;19;1368
35;1;5;1423
36;1;2;1444
37;1;4;1449
38;1;20;1455
39;1;3;1476
40;1;10;1497
41;1;15;1518
42;1;12;1539
43;1;10;1560
44;1;20;1581
45;1;3;1602
46;1;13;1657
47;1;17;1763
48;1;14;1784
49;1;15;1821
50;1;18;1842
*** EOF ***