**** 15 ****
100
14;18;1;2;48
16;16;1;2;7
13;10;1;2;94
19;5;1;2;23
15;2;1;2;20
14;16;1;2;40
4;14;1;2;77
2;15;1;2;87
1;10;1;2;25
19;7;1;2;41
8;1;1;2;39
16;8;1;2;46
15;1;1;2;76
2;11;1;2;0
17;6;1;2;13
9;11;1;2;88
9;14;1;2;34
7;15;1;2;28
6;8;1;2;9
3;6;1;2;28
17;5;1;2;60
16;12;1;2;67
14;19;1;2;87
2;20;1;2;50
3;16;1;2;55
8;5;1;2;37
9;5;1;2;91
3;3;1;2;37
3;8;1;2;96
5;3;1;2;54
13;19;1;2;38
13;6;1;2;2
20;19;1;2;0
20;13;1;2;31
10;15;1;2;18
17;14;1;2;34
14;2;1;2;19
17;16;1;2;1
15;11;1;2;21
3;15;1;2;3
17;19;1;2;41
8;11;1;2;78
10;2;1;2;8
2;13;1;2;60
13;2;1;2;86
11;10;1;2;0
6;4;1;2;93
17;20;1;2;1
18;6;1;2;51
19;9;1;2;57
2;17;1;2;95
15;4;1;2;77
13;5;1;2;18
2;18;1;2;11
2;10;1;2;4
9;13;1;2;6
1;10;1;2;49
14;6;1;2;80
15;3;1;2;38
18;14;1;2;18
15;7;1;2;74
10;2;1;2;50
7;6;1;2;46
18;19;1;2;64
1;1;1;2;85
17;1;1;2;29
3;13;1;2;78
4;18;1;2;55
5;5;1;2;10
15;2;1;2;63
13;9;1;2;69
19;10;1;2;22
9;9;1;2;48
8;6;1;2;6
12;6;1;2;58
9;14;1;2;90
19;17;1;2;2
9;20;1;2;92
5;16;1;2;56
7;10;1;2;49
10;14;1;2;77
11;13;1;2;87
14;13;1;2;55
14;12;1;2;52
12;3;1;2;89
11;4;1;2;22
1;2;1;2;58
16;10;1;2;50
8;6;1;2;77
16;12;1;2;79
5;13;1;2;72
3;4;1;2;36
2;9;1;2;21
17;14;1;2;72
9;5;1;2;7
10;15;1;2;62
12;8;1;2;63
3;15;1;2;44
5;14;1;2;10
2;9;1;2;73

1;1;4;95
2;1;16;294
3;1;19;315
4;1;16;336
5;1;16;357
6;1;15;496
7;1;2;517
8;1;7;557
9;1;2;642
10;1;3;730
11;1;19;755
12;1;17;776
13;1;17;797
14;1;6;988
15;1;13;1272
16;1;6;1467
17;1;2;1638
18;1;20;1679
19;1;11;1716
20;1;7;1736
*** EOF ***