**** 23 ****
100
19;14;1;2;866
14;18;1;2;373
16;1;1;2;115
2;15;1;2;877
6;6;1;2;1121
20;14;1;2;477
3;15;1;2;1037
18;10;1;2;509
6;4;1;2;514
1;18;1;2;1151
9;16;1;2;336
7;10;1;2;73
12;17;1;2;785
7;18;1;2;12
17;15;1;2;797
18;15;1;2;190
15;17;1;2;1184
4;6;1;2;1126
13;12;1;2;1181
7;4;1;2;830
10;12;1;2;998
7;10;1;2;1079
12;2;1;2;715
10;8;1;2;924
2;16;1;2;79
19;13;1;2;873
9;19;1;2;761
5;14;1;2;778
11;7;1;2;409
5;5;1;2;273
15;15;1;2;956
13;13;1;2;78
12;16;1;2;59
19;5;1;2;518
4;6;1;2;1134
15;4;1;2;978
20;4;1;2;529
1;9;1;2;822
19;19;1;2;320
1;15;1;2;737
6;10;1;2;471
2;2;1;2;915
20;6;1;2;590
11;4;1;2;635
2;19;1;2;1060
8;13;1;2;616
6;12;1;2;339
7;4;1;2;567
10;3;1;2;378
2;15;1;2;952
19;20;1;2;721
2;13;1;2;1035
17;13;1;2;220
20;15;1;2;895
15;8;1;2;34
7;15;1;2;466
3;13;1;2;170
3;19;1;2;753
10;20;1;2;947
20;2;1;2;1161
13;12;1;2;1172
6;14;1;2;385
1;2;1;2;429
13;1;1;2;163
9;7;1;2;811
3;14;1;2;257
1;16;1;2;329
11;10;1;2;1060
17;12;1;2;519
16;11;1;2;932
10;15;1;2;284
2;1;1;2;597
7;13;1;2;1090
8;6;1;2;451
12;6;1;2;17
15;8;1;2;0
12;8;1;2;670
14;11;1;2;1159
14;19;1;2;342
5;14;1;2;645
18;3;1;2;619
2;5;1;2;491
11;3;1;2;96
1;11;1;2;501
4;14;1;2;906
14;20;1;2;145
16;3;1;2;1084
6;16;1;2;646
18;1;1;2;784
20;6;1;2;398
5;3;1;2;152
17;16;1;2;516
8;18;1;2;531
4;10;1;2;273
17;14;1;2;1106
15;19;1;2;97
12;14;1;2;399
17;12;1;2;647
15;9;1;2;347
20;20;1;2;724

1;1;4;6
2;1;10;20
3;1;2;129
4;1;2;156
5;1;17;171
6;1;16;233
7;1;8;353
8;1;6;385
9;1;20;406
10;1;14;427
11;1;13;448
12;1;10;482
13;1;4;529
14;1;12;552
15;1;6;576
16;1;12;628
17;1;3;686
18;1;8;707
19;1;5;747
20;1;6;760
21;1;7;798
22;1;5;861
23;1;13;876
24;1;7;897
25;1;8;930
26;1;11;1022
27;1;2;1043
28;1;16;1117
29;1;4;1138
30;1;12;1159
31;1;12;1200
32;1;16;1253
33;1;19;1270
34;1;7;1292
35;1;12;1313
36;1;14;1329
37;1;17;1350
38;1;6;1371
39;1;12;1392
40;1;20;1413
41;1;1;1434
42;1;4;1462
43;1;14;1471
44;1;8;1492
45;1;15;1568
46;1;8;1589
47;1;8;1618
48;1;20;1802
49;1;11;1868
50;1;2;1885
*** EOF ***