**** 10 ****
100
98;120;1;2;866
184;37;1;2;209
17;66;1;2;557
39;117;1;2;429
68;186;1;2;730
184;166;1;2;104
29;57;1;2;93
120;189;1;2;492
169;128;1;2;945
104;88;1;2;474
180;137;1;2;593
46;120;1;2;982
7;88;1;2;47
164;126;1;2;316
193;145;1;2;853
75;128;1;2;818
179;109;1;2;426
24;28;1;2;214
116;148;1;2;741
62;3;1;2;980
136;182;1;2;468
82;27;1;2;587
64;33;1;2;226
63;149;1;2;703
179;93;1;2;447
185;168;1;2;927
155;98;1;2;987
182;122;1;2;366
148;37;1;2;314
90;50;1;2;516
22;186;1;2;650
91;67;1;2;876
30;82;1;2;461
57;96;1;2;961
160;27;1;2;453
160;11;1;2;20
87;165;1;2;118
26;146;1;2;191
192;94;1;2;27
106;135;1;2;277
175;156;1;2;414
25;198;1;2;32
53;28;1;2;465
66;36;1;2;760
27;195;1;2;586
81;106;1;2;148
53;144;1;2;913
123;169;1;2;0
114;161;1;2;655
94;18;1;2;589
123;144;1;2;497
137;168;1;2;494
121;173;1;2;873
186;38;1;2;508
146;17;1;2;455
85;49;1;2;160
33;101;1;2;256
98;24;1;2;24
109;89;1;2;536
116;182;1;2;754
58;104;1;2;897
155;192;1;2;617
1;112;1;2;141
27;97;1;2;930
135;195;1;2;946
142;79;1;2;994
55;63;1;2;447
111;113;1;2;70
87;21;1;2;758
24;136;1;2;540
178;193;1;2;395
27;99;1;2;387
196;52;1;2;898
137;78;1;2;395
68;164;1;2;341
166;106;1;2;971
161;160;1;2;785
8;22;1;2;697
30;108;1;2;717
140;131;1;2;205
32;60;1;2;749
28;39;1;2;848
15;34;1;2;51
113;171;1;2;528
60;190;1;2;843
153;155;1;2;748
124;67;1;2;459
110;74;1;2;880
7;55;1;2;740
77;195;1;2;870
82;26;1;2;730
183;53;1;2;568
31;19;1;2;353
34;84;1;2;875
114;95;1;2;64
158;48;1;2;219
58;123;1;2;37
70;32;1;2;911
150;191;1;2;317
42;67;1;2;311

1;1;54;491
2;1;37;1221
3;1;49;1382
4;1;12;2686
5;1;69;3558
6;1;42;4476
7;1;95;4834
8;1;100;4979
9;1;50;5596
10;1;84;5924
11;1;65;6359
12;1;68;7566
13;1;43;8213
14;1;3;9966
15;1;78;11448
16;1;51;12517
17;1;14;14643
18;1;44;15611
19;1;60;16369
20;1;49;18136
*** EOF ***