**** 9 ****
100
175;86;1;2;545
197;184;1;2;202
19;143;1;2;877
160;155;1;2;603
40;105;1;2;608
172;24;1;2;351
13;192;1;2;910
197;150;1;2;748
44;180;1;2;655
86;55;1;2;837
96;182;1;2;474
41;130;1;2;658
195;100;1;2;0
24;59;1;2;507
28;51;1;2;763
188;22;1;2;786
140;186;1;2;530
2;134;1;2;679
150;177;1;2;258
5;62;1;2;264
194;109;1;2;645
69;102;1;2;326
79;96;1;2;26
79;72;1;2;84
138;99;1;2;286
102;86;1;2;907
40;177;1;2;892
170;178;1;2;777
49;128;1;2;953
59;84;1;2;167
124;78;1;2;75
121;146;1;2;576
48;176;1;2;224
26;6;1;2;895
62;144;1;2;545
149;197;1;2;782
8;36;1;2;959
101;158;1;2;336
30;158;1;2;663
184;17;1;2;947
103;92;1;2;376
130;164;1;2;721
59;11;1;2;48
83;188;1;2;653
130;50;1;2;748
75;150;1;2;744
9;157;1;2;132
168;9;1;2;89
105;39;1;2;646
120;174;1;2;414
67;76;1;2;657
43;5;1;2;21
116;15;1;2;183
164;97;1;2;171
170;178;1;2;772
118;4;1;2;921
63;13;1;2;877
147;180;1;2;238
36;36;1;2;76
34;156;1;2;49
1;174;1;2;676
58;17;1;2;32
79;84;1;2;47
63;200;1;2;295
186;169;1;2;673
158;38;1;2;76
79;100;1;2;640
108;46;1;2;620
146;33;1;2;407
174;19;1;2;962
175;19;1;2;936
51;28;1;2;704
84;107;1;2;987
83;121;1;2;538
178;106;1;2;658
3;15;1;2;96
32;93;1;2;947
72;152;1;2;345
44;50;1;2;377
52;23;1;2;747
14;198;1;2;165
102;200;1;2;993
6;83;1;2;251
146;117;1;2;771
84;47;1;2;428
95;49;1;2;642
191;32;1;2;686
138;104;1;2;437
83;99;1;2;486
13;150;1;2;261
160;116;1;2;458
78;17;1;2;457
23;175;1;2;292
74;72;1;2;360
197;107;1;2;606
177;1;1;2;407
19;191;1;2;838
105;129;1;2;893
94;163;1;2;192
133;127;1;2;141

1;1;5;1105
2;1;30;3170
3;1;54;3495
4;1;26;4426
5;1;38;7051
6;1;94;7779
7;1;57;8171
8;1;59;8980
9;1;89;10154
10;1;83;10569
11;1;74;10813
12;1;87;11897
13;1;3;12703
14;1;59;13279
15;1;41;14049
16;1;76;14099
17;1;52;15189
18;1;4;15899
19;1;23;17255
20;1;61;18347
*** EOF ***