**** 12 ****
100
3;8;1;2;86
6;12;1;2;58
10;11;1;2;8
3;13;1;2;33
13;11;1;2;36
2;18;1;2;47
17;7;1;2;69
10;13;1;2;3
3;2;1;2;79
7;16;1;2;71
14;10;1;2;90
20;16;1;2;81
10;17;1;2;43
11;11;1;2;88
16;4;1;2;98
13;5;1;2;16
12;13;1;2;34
14;2;1;2;47
17;16;1;2;40
17;15;1;2;87
20;20;1;2;17
10;12;1;2;44
3;1;1;2;20
19;3;1;2;50
7;11;1;2;65
5;15;1;2;9
13;6;1;2;93
8;19;1;2;6
7;16;1;2;2
19;4;1;2;88
6;3;1;2;67
3;4;1;2;78
19;18;1;2;31
19;16;1;2;33
2;2;1;2;75
7;19;1;2;89
9;11;1;2;75
2;10;1;2;53
9;8;1;2;80
3;6;1;2;83
11;12;1;2;37
18;6;1;2;80
17;5;1;2;98
8;15;1;2;33
13;8;1;2;27
1;15;1;2;25
10;15;1;2;47
17;8;1;2;29
11;16;1;2;16
3;10;1;2;2
7;20;1;2;25
4;18;1;2;50
17;6;1;2;26
15;5;1;2;73
20;9;1;2;92
19;9;1;2;46
4;11;1;2;52
4;7;1;2;0
13;17;1;2;47
9;12;1;2;97
3;18;1;2;36
8;13;1;2;85
11;9;1;2;22
9;3;1;2;78
2;15;1;2;87
15;13;1;2;27
13;9;1;2;37
18;12;1;2;44
10;16;1;2;52
17;4;1;2;43
6;7;1;2;52
15;6;1;2;65
20;16;1;2;13
15;17;1;2;48
13;10;1;2;2
20;16;1;2;6
8;1;1;2;34
5;18;1;2;37
1;7;1;2;92
14;15;1;2;16
17;1;1;2;14
10;15;1;2;11
15;6;1;2;59
20;20;1;2;35
8;13;1;2;64
2;4;1;2;40
9;3;1;2;60
15;20;1;2;29
13;20;1;2;95
5;13;1;2;61
13;2;1;2;21
19;11;1;2;67
11;17;1;2;33
10;8;1;2;44
5;8;1;2;28
1;9;1;2;24
1;9;1;2;6
1;16;1;2;17
10;8;1;2;49
17;4;1;2;1

1;1;6;28
2;1;15;49
3;1;17;277
4;1;11;298
5;1;4;319
6;1;8;331
7;1;1;545
8;1;1;639
9;1;2;768
10;1;12;773
11;1;9;794
12;1;5;983
13;1;12;1153
14;1;17;1225
15;1;20;1337
16;1;17;1363
17;1;19;1384
18;1;8;1405
19;1;10;1606
20;1;14;1618
*** EOF ***