**** 14 ****
100
5;4;1;2;27
16;20;1;2;90
15;16;1;2;81
16;17;1;2;40
8;9;1;2;79
13;19;1;2;24
13;12;1;2;86
18;18;1;2;56
10;1;1;2;3
5;19;1;2;53
6;15;1;2;8
5;10;1;2;87
15;4;1;2;94
17;12;1;2;43
9;19;1;2;11
9;3;1;2;81
5;16;1;2;92
12;5;1;2;62
20;6;1;2;74
15;11;1;2;52
8;8;1;2;7
9;4;1;2;28
16;18;1;2;72
3;6;1;2;3
6;7;1;2;33
9;7;1;2;75
10;11;1;2;42
15;14;1;2;98
17;5;1;2;24
11;20;1;2;6
15;19;1;2;73
14;7;1;2;56
3;15;1;2;45
7;9;1;2;23
2;6;1;2;29
15;6;1;2;95
10;7;1;2;97
5;1;1;2;23
3;9;1;2;27
7;11;1;2;66
13;6;1;2;97
18;19;1;2;75
6;13;1;2;89
12;19;1;2;89
7;20;1;2;14
16;6;1;2;79
3;8;1;2;66
20;12;1;2;18
3;14;1;2;47
11;13;1;2;77
9;5;1;2;62
18;15;1;2;13
14;20;1;2;57
15;3;1;2;16
5;9;1;2;47
19;4;1;2;33
11;6;1;2;0
17;18;1;2;91
15;20;1;2;56
2;2;1;2;68
12;3;1;2;85
6;12;1;2;79
19;5;1;2;58
9;20;1;2;21
5;16;1;2;41
4;14;1;2;45
9;4;1;2;82
9;12;1;2;51
12;19;1;2;71
1;12;1;2;24
9;3;1;2;78
14;9;1;2;30
5;19;1;2;6
16;7;1;2;45
9;3;1;2;92
10;7;1;2;6
15;7;1;2;21
10;8;1;2;5
1;11;1;2;23
4;11;1;2;74
1;20;1;2;89
19;5;1;2;77
1;10;1;2;55
8;5;1;2;34
5;5;1;2;76
18;14;1;2;34
16;1;1;2;41
9;10;1;2;48
14;2;1;2;98
9;6;1;2;1
16;18;1;2;72
5;8;1;2;96
14;9;1;2;57
1;16;1;2;13
15;12;1;2;37
4;9;1;2;71
10;16;1;2;63
11;5;1;2;92
11;10;1;2;65
2;11;1;2;2

1;1;6;96
2;1;14;280
3;1;3;301
4;1;7;330
5;1;6;350
6;1;6;603
7;1;5;681
8;1;13;722
9;1;14;873
10;1;8;1142
11;1;7;1191
12;1;6;1400
13;1;11;1432
14;1;15;1549
15;1;15;1575
16;1;16;1596
17;1;8;1743
18;1;11;1821
19;1;18;1839
20;1;15;1881
*** EOF ***