**** 13 ****
100
12;16;1;2;62
1;16;1;2;92
15;15;1;2;62
5;1;1;2;54
6;9;1;2;94
12;2;1;2;18
6;12;1;2;48
16;14;1;2;73
11;3;1;2;57
12;6;1;2;45
16;17;1;2;92
10;9;1;2;47
14;4;1;2;21
17;8;1;2;94
3;5;1;2;74
17;17;1;2;15
8;2;1;2;67
8;9;1;2;40
1;19;1;2;2
18;2;1;2;59
15;9;1;2;96
8;19;1;2;16
7;12;1;2;51
1;20;1;2;98
15;2;1;2;55
9;11;1;2;51
5;18;1;2;24
12;17;1;2;72
4;18;1;2;63
18;7;1;2;76
17;2;1;2;25
13;1;1;2;75
2;7;1;2;18
13;7;1;2;70
4;13;1;2;83
19;14;1;2;53
2;10;1;2;2
6;13;1;2;79
10;16;1;2;56
5;13;1;2;94
2;9;1;2;35
19;14;1;2;27
6;15;1;2;14
4;19;1;2;72
6;2;1;2;45
10;20;1;2;10
3;13;1;2;79
6;10;1;2;71
17;20;1;2;78
5;16;1;2;50
19;9;1;2;50
15;7;1;2;23
2;4;1;2;89
8;20;1;2;48
13;5;1;2;0
10;14;1;2;53
20;17;1;2;5
19;14;1;2;35
2;10;1;2;66
20;14;1;2;61
10;4;1;2;50
12;18;1;2;8
16;12;1;2;12
17;11;1;2;31
17;3;1;2;87
19;12;1;2;61
12;11;1;2;9
9;1;1;2;34
4;14;1;2;15
10;13;1;2;60
4;14;1;2;63
6;18;1;2;13
14;13;1;2;36
18;1;1;2;46
1;18;1;2;21
9;16;1;2;52
2;19;1;2;55
11;7;1;2;7
5;3;1;2;33
20;4;1;2;57
20;7;1;2;83
15;4;1;2;60
8;10;1;2;12
4;7;1;2;84
11;20;1;2;21
4;20;1;2;28
8;1;1;2;6
15;3;1;2;65
3;7;1;2;39
16;18;1;2;42
5;9;1;2;41
8;3;1;2;84
8;11;1;2;33
12;14;1;2;52
17;16;1;2;71
18;11;1;2;82
19;19;1;2;94
5;13;1;2;16
2;7;1;2;34
1;14;1;2;11

1;1;13;224
2;1;18;245
3;1;10;363
4;1;2;374
5;1;19;637
6;1;14;694
7;1;6;877
8;1;8;884
9;1;3;982
10;1;11;1004
11;1;17;1023
12;1;6;1044
13;1;15;1052
14;1;8;1111
15;1;10;1274
16;1;14;1433
17;1;19;1588
18;1;9;1711
19;1;10;1821
20;1;10;1887
*** EOF ***