**** 2 ****
100
7;11;1;2;3
3;13;1;2;9
8;9;1;2;33
2;11;1;2;36
16;7;1;2;28
18;15;1;2;38
18;20;1;2;5
20;9;1;2;34
13;20;1;2;39
16;2;1;2;20
19;20;1;2;10
14;2;1;2;14
15;1;1;2;22
1;2;1;2;25
17;17;1;2;23
17;6;1;2;17
8;4;1;2;8
13;15;1;2;28
7;8;1;2;28
18;15;1;2;29
18;6;1;2;8
20;19;1;2;1
14;14;1;2;21
8;14;1;2;14
13;2;1;2;2
16;11;1;2;8
6;18;1;2;3
6;2;1;2;29
15;20;1;2;16
3;17;1;2;11
4;14;1;2;36
4;13;1;2;6
5;18;1;2;11
6;5;1;2;4
12;10;1;2;38
14;17;1;2;28
14;2;1;2;37
9;8;1;2;38
19;14;1;2;17
15;16;1;2;5
18;11;1;2;38
6;14;1;2;22
13;10;1;2;19
4;15;1;2;35
1;18;1;2;24
11;11;1;2;1
19;5;1;2;14
8;13;1;2;33
18;11;1;2;6
15;18;1;2;33
20;15;1;2;23
10;1;1;2;16
4;5;1;2;5
3;8;1;2;11
10;20;1;2;8
15;10;1;2;31
8;20;1;2;15
2;7;1;2;19
16;4;1;2;2
14;10;1;2;19
8;1;1;2;25
11;2;1;2;17
20;5;1;2;1
17;19;1;2;21
1;9;1;2;32
1;15;1;2;2
12;2;1;2;13
19;3;1;2;0
11;10;1;2;15
13;4;1;2;37
4;3;1;2;37
9;13;1;2;39
19;4;1;2;15
12;13;1;2;34
5;13;1;2;34
18;5;1;2;8
12;17;1;2;29
5;7;1;2;23
17;17;1;2;25
5;9;1;2;0
2;4;1;2;22
19;13;1;2;26
10;3;1;2;30
6;14;1;2;22
12;19;1;2;6
6;16;1;2;30
14;19;1;2;38
15;15;1;2;37
18;12;1;2;13
15;16;1;2;34
15;17;1;2;37
9;7;1;2;1
16;17;1;2;23
18;14;1;2;17
12;5;1;2;27
18;10;1;2;14
20;15;1;2;12
11;9;1;2;26
8;18;1;2;9
13;13;1;2;16

1;1;1;20
2;1;3;169
3;1;7;489
4;1;3;594
5;1;1;616
6;1;8;676
7;1;8;693
8;1;10;810
9;1;9;821
10;1;2;832
11;1;4;904
12;1;2;915
13;1;8;948
14;1;3;957
15;1;10;1013
16;1;3;1216
17;1;3;1227
18;1;1;1348
19;1;1;1511
20;1;7;1556
*** EOF ***