**** 7 ****
100
19;16;1;2;29
5;12;1;2;6
15;8;1;2;35
7;13;1;2;34
2;15;1;2;37
1;16;1;2;29
8;16;1;2;30
8;17;1;2;12
5;13;1;2;0
12;20;1;2;26
3;10;1;2;13
12;14;1;2;4
19;9;1;2;32
6;7;1;2;36
20;20;1;2;10
10;20;1;2;18
19;8;1;2;33
1;7;1;2;2
5;11;1;2;34
6;14;1;2;25
4;16;1;2;35
10;20;1;2;0
14;18;1;2;20
18;15;1;2;6
14;7;1;2;5
17;8;1;2;37
15;6;1;2;36
20;19;1;2;34
2;15;1;2;5
9;12;1;2;30
14;8;1;2;38
9;17;1;2;17
2;10;1;2;6
2;8;1;2;0
1;13;1;2;18
18;9;1;2;25
7;3;1;2;3
3;3;1;2;21
10;16;1;2;27
15;4;1;2;39
17;18;1;2;26
7;18;1;2;2
4;19;1;2;3
2;13;1;2;30
15;13;1;2;15
13;2;1;2;23
19;9;1;2;18
2;3;1;2;32
15;12;1;2;27
14;18;1;2;31
13;15;1;2;20
11;13;1;2;29
5;17;1;2;20
9;18;1;2;12
11;12;1;2;36
6;17;1;2;17
10;15;1;2;25
8;8;1;2;0
20;14;1;2;31
19;7;1;2;29
10;12;1;2;15
2;14;1;2;27
4;19;1;2;35
4;7;1;2;5
16;9;1;2;8
12;15;1;2;24
1;4;1;2;30
19;3;1;2;29
19;14;1;2;34
10;12;1;2;33
11;14;1;2;16
18;15;1;2;9
18;18;1;2;39
5;13;1;2;37
10;8;1;2;26
11;11;1;2;20
7;4;1;2;35
10;2;1;2;17
19;20;1;2;30
6;1;1;2;13
19;4;1;2;6
15;13;1;2;21
16;10;1;2;30
16;7;1;2;23
13;8;1;2;2
19;18;1;2;5
19;17;1;2;8
6;6;1;2;29
3;16;1;2;20
5;1;1;2;20
19;19;1;2;35
17;5;1;2;8
18;1;1;2;29
1;16;1;2;15
16;20;1;2;3
10;19;1;2;32
15;9;1;2;8
15;15;1;2;33
4;9;1;2;9
16;6;1;2;9

1;1;6;41
2;1;4;114
3;1;8;615
4;1;6;626
5;1;2;756
6;1;2;825
7;1;10;908
8;1;8;933
9;1;4;989
10;1;5;1070
11;1;7;1077
12;1;4;1098
13;1;9;1161
14;1;9;1172
15;1;2;1221
16;1;7;1231
17;1;10;1313
18;1;3;1478
19;1;4;1486
20;1;7;1496
*** EOF ***