**** 26 ****
100
5;15;1;2;34
9;5;1;2;0
1;2;1;2;91
19;18;1;2;99
17;2;1;2;39
18;12;1;2;1
6;2;1;2;0
7;7;1;2;8
6;5;1;2;10
20;11;1;2;33
17;7;1;2;27
11;16;1;2;12
11;8;1;2;73
15;18;1;2;22
6;14;1;2;35
17;3;1;2;86
18;9;1;2;88
10;7;1;2;86
18;12;1;2;42
20;4;1;2;65
6;20;1;2;11
13;3;1;2;58
17;5;1;2;85
2;11;1;2;42
4;16;1;2;67
19;4;1;2;90
18;2;1;2;18
18;11;1;2;96
16;1;1;2;8
18;12;1;2;71
3;17;1;2;22
15;2;1;2;44
5;18;1;2;41
11;12;1;2;51
5;7;1;2;79
5;6;1;2;62
15;15;1;2;55
5;4;1;2;58
1;19;1;2;78
1;16;1;2;81
4;11;1;2;98
7;17;1;2;59
3;1;1;2;28
4;3;1;2;79
8;20;1;2;86
7;4;1;2;83
9;18;1;2;9
5;14;1;2;52
15;6;1;2;50
13;7;1;2;97
6;10;1;2;7
4;16;1;2;95
15;11;1;2;16
16;14;1;2;58
7;1;1;2;17
13;19;1;2;60
8;8;1;2;29
9;4;1;2;94
1;18;1;2;0
3;2;1;2;6
13;19;1;2;35
12;15;1;2;63
8;9;1;2;33
4;16;1;2;38
14;3;1;2;31
4;7;1;2;89
16;7;1;2;28
18;15;1;2;3
12;8;1;2;72
12;2;1;2;65
18;14;1;2;64
6;18;1;2;18
1;5;1;2;38
14;20;1;2;6
4;5;1;2;48
15;8;1;2;6
17;16;1;2;12
5;13;1;2;79
1;4;1;2;58
13;16;1;2;99
19;5;1;2;5
15;2;1;2;82
5;2;1;2;78
3;7;1;2;9
1;3;1;2;33
9;17;1;2;73
8;5;1;2;88
12;10;1;2;60
11;2;1;2;35
1;14;1;2;62
1;4;1;2;47
6;10;1;2;80
20;14;1;2;74
10;9;1;2;60
19;9;1;2;34
12;10;1;2;71
5;17;1;2;15
5;20;1;2;96
5;3;1;2;17
1;3;1;2;3

1;1;8;8
2;1;11;29
3;1;16;50
4;1;20;71
5;1;1;92
6;1;12;113
7;1;18;134
8;1;6;155
9;1;11;176
10;1;5;197
11;1;14;218
12;1;16;239
13;1;7;260
14;1;12;281
15;1;2;302
16;1;7;323
17;1;12;344
18;1;6;365
19;1;14;386
20;1;16;407
21;1;12;428
22;1;6;449
23;1;7;470
24;1;9;491
25;1;3;512
26;1;7;533
27;1;9;554
28;1;14;575
29;1;19;596
30;1;2;617
31;1;8;638
32;1;6;659
33;1;11;680
34;1;10;701
35;1;4;722
36;1;10;743
37;1;9;764
38;1;6;785
39;1;17;806
40;1;18;827
*** EOF ***