**** 17 ****
100
13;20;1;2;11
5;9;1;2;83
19;17;1;2;69
9;18;1;2;85
11;3;1;2;81
5;16;1;2;23
6;3;1;2;15
19;17;1;2;95
15;15;1;2;22
14;2;1;2;71
13;6;1;2;90
4;2;1;2;10
19;20;1;2;27
8;20;1;2;56
14;10;1;2;78
7;15;1;2;65
10;20;1;2;68
18;11;1;2;36
13;17;1;2;30
7;10;1;2;83
18;2;1;2;9
20;17;1;2;30
11;15;1;2;62
10;3;1;2;1
6;8;1;2;91
4;14;1;2;97
9;15;1;2;28
9;12;1;2;18
6;16;1;2;14
8;2;1;2;15
12;19;1;2;76
13;11;1;2;12
15;1;1;2;59
17;2;1;2;81
19;7;1;2;20
2;2;1;2;53
19;2;1;2;7
7;11;1;2;51
18;8;1;2;26
4;15;1;2;60
20;6;1;2;70
8;18;1;2;0
13;13;1;2;12
12;1;1;2;33
5;19;1;2;71
5;12;1;2;52
10;10;1;2;94
17;9;1;2;16
20;18;1;2;3
19;1;1;2;37
19;12;1;2;55
9;20;1;2;64
2;12;1;2;48
14;15;1;2;69
20;19;1;2;79
11;3;1;2;71
16;12;1;2;92
2;20;1;2;72
18;20;1;2;29
13;10;1;2;82
10;8;1;2;45
17;8;1;2;44
2;9;1;2;47
2;15;1;2;61
11;14;1;2;19
11;16;1;2;93
14;11;1;2;84
6;4;1;2;56
11;1;1;2;7
12;13;1;2;16
14;15;1;2;95
12;3;1;2;62
16;16;1;2;23
16;18;1;2;37
17;8;1;2;42
9;10;1;2;9
2;15;1;2;92
19;1;1;2;35
7;11;1;2;8
14;2;1;2;12
10;8;1;2;86
17;19;1;2;41
19;6;1;2;36
14;13;1;2;73
3;10;1;2;73
5;10;1;2;62
7;3;1;2;17
19;13;1;2;29
6;19;1;2;71
14;12;1;2;24
7;13;1;2;23
5;9;1;2;61
6;20;1;2;39
3;13;1;2;51
16;16;1;2;12
9;12;1;2;41
4;18;1;2;36
13;8;1;2;28
2;14;1;2;27
5;7;1;2;90

1;1;19;23
2;1;11;44
3;1;11;65
4;1;6;107
5;1;3;120
6;1;3;176
7;1;18;205
8;1;4;252
9;1;11;308
10;1;8;421
11;1;18;449
12;1;16;470
13;1;6;491
14;1;5;587
15;1;8;598
16;1;5;613
17;1;14;648
18;1;2;712
19;1;3;720
20;1;17;767
21;1;16;831
22;1;18;852
23;1;7;872
24;1;13;933
25;1;15;970
26;1;8;991
27;1;12;1002
28;1;16;1023
29;1;15;1113
30;1;1;1155
31;1;20;1171
32;1;10;1257
33;1;11;1278
34;1;13;1299
35;1;4;1314
36;1;11;1358
37;1;6;1389
38;1;12;1416
39;1;13;1440
40;1;19;1461
*** EOF ***