**** 100 ****
100
34;22;1;2;917
1;45;1;2;2547
4;33;1;2;2967
24;44;1;2;1721
30;15;1;2;2549
31;36;1;2;547
31;32;1;2;987
41;25;1;2;247
43;47;1;2;2611
18;34;1;2;490
49;20;1;2;2463
19;20;1;2;1460
16;24;1;2;1592
33;49;1;2;735
7;28;1;2;1950
6;10;1;2;1987
5;40;1;2;1269
43;31;1;2;1193
42;25;1;2;189
5;42;1;2;2275
47;40;1;2;1594
11;8;1;2;665
23;24;1;2;2040
15;8;1;2;1988
2;16;1;2;667
4;22;1;2;476
42;28;1;2;666
11;22;1;2;2648
6;15;1;2;1272
47;20;1;2;2813
24;18;1;2;2154
20;30;1;2;2862
36;2;1;2;2187
26;16;1;2;96
17;18;1;2;1312
34;21;1;2;2735
13;14;1;2;1912
31;26;1;2;536
29;31;1;2;1500
3;30;1;2;2121
18;3;1;2;2889
22;23;1;2;618
36;10;1;2;2770
25;35;1;2;2287
24;3;1;2;2906
38;37;1;2;929
25;49;1;2;1342
39;29;1;2;2768
25;9;1;2;750
26;13;1;2;1479
47;30;1;2;1934
36;3;1;2;356
7;39;1;2;1115
29;15;1;2;251
16;38;1;2;2754
23;27;1;2;642
4;1;1;2;392
46;40;1;2;2670
16;14;1;2;2180
17;41;1;2;2842
48;40;1;2;1821
32;27;1;2;1623
40;33;1;2;2463
7;11;1;2;880
9;29;1;2;2969
15;3;1;2;1396
7;6;1;2;2598
1;3;1;2;2137
21;19;1;2;1253
3;37;1;2;1445
45;34;1;2;1484
18;16;1;2;1611
43;7;1;2;2795
9;14;1;2;1456
39;24;1;2;936
8;40;1;2;438
6;48;1;2;1243
5;48;1;2;2045
44;20;1;2;2965
49;22;1;2;1401
45;18;1;2;2185
31;35;1;2;1602
42;29;1;2;0
38;37;1;2;2223
46;27;1;2;2498
32;37;1;2;587
22;42;1;2;484
17;48;1;2;2581
14;42;1;2;900
30;42;1;2;621
31;36;1;2;2290
18;19;1;2;1024
22;10;1;2;2855
33;49;1;2;893
6;46;1;2;2020
5;29;1;2;556
44;50;1;2;1249
29;16;1;2;347
10;30;1;2;690
13;11;1;2;531

1;1;21;80
2;1;24;306
3;1;41;355
4;1;17;406
5;1;31;528
6;1;7;662
7;1;20;776
8;1;49;827
9;1;43;890
10;1;13;941
11;1;45;992
12;1;48;1170
13;1;35;1221
14;1;36;1272
15;1;31;1327
16;1;8;1378
17;1;38;1429
18;1;39;1480
19;1;20;1531
20;1;24;1649
21;1;39;1700
22;1;15;1751
23;1;10;1802
24;1;5;1829
25;1;33;1951
26;1;43;2002
27;1;8;2139
28;1;30;2154
29;1;23;2234
30;1;37;2285
31;1;21;2386
32;1;6;2586
33;1;45;2628
34;1;38;2679
35;1;27;2730
36;1;24;2781
37;1;1;2832
38;1;49;2883
39;1;12;2934
40;1;3;3015
41;1;21;3024
42;1;34;3093
43;1;13;3182
44;1;8;3253
45;1;34;3279
46;1;50;3518
47;1;34;3569
48;1;12;3708
49;1;9;3729
50;1;2;3783
*** EOF ***