**** 98 ****
100
28;10;1;2;1892
44;46;1;2;1665
3;50;1;2;258
9;5;1;2;1059
16;39;1;2;2665
45;15;1;2;1301
49;24;1;2;1987
36;11;1;2;2754
23;23;1;2;2929
45;4;1;2;2717
38;31;1;2;1328
32;26;1;2;1275
50;30;1;2;176
10;40;1;2;1531
20;8;1;2;521
37;2;1;2;187
38;1;1;2;2010
27;38;1;2;622
33;10;1;2;1094
13;5;1;2;549
30;44;1;2;1131
8;28;1;2;1859
33;29;1;2;890
9;38;1;2;2830
42;7;1;2;2089
15;45;1;2;2090
2;32;1;2;2092
13;9;1;2;1629
37;43;1;2;691
32;5;1;2;1545
33;36;1;2;740
17;43;1;2;169
26;27;1;2;1497
16;38;1;2;2335
48;31;1;2;1093
37;46;1;2;438
30;47;1;2;2021
24;11;1;2;1831
4;48;1;2;2974
45;31;1;2;2378
42;13;1;2;114
34;29;1;2;508
4;6;1;2;1837
3;22;1;2;924
38;21;1;2;356
34;10;1;2;2951
22;41;1;2;600
43;14;1;2;960
25;19;1;2;2007
49;15;1;2;2187
29;8;1;2;2402
45;42;1;2;782
4;47;1;2;2188
41;49;1;2;1509
17;39;1;2;2631
25;22;1;2;1292
27;45;1;2;2582
27;39;1;2;2946
39;15;1;2;1716
49;15;1;2;1881
38;44;1;2;2688
40;38;1;2;1879
23;43;1;2;327
11;35;1;2;1826
22;3;1;2;766
5;28;1;2;889
48;4;1;2;2633
30;32;1;2;2371
28;22;1;2;1936
45;20;1;2;1300
26;8;1;2;195
16;49;1;2;1735
46;21;1;2;427
25;33;1;2;1462
3;6;1;2;114
19;11;1;2;2741
8;8;1;2;646
41;39;1;2;77
15;19;1;2;0
3;13;1;2;1870
5;40;1;2;2427
1;5;1;2;1476
36;2;1;2;2798
13;27;1;2;2583
27;29;1;2;2338
42;50;1;2;2048
35;7;1;2;357
32;50;1;2;2848
11;14;1;2;466
12;18;1;2;1280
33;22;1;2;819
12;22;1;2;2475
40;9;1;2;2129
41;22;1;2;2755
24;50;1;2;1235
12;41;1;2;984
13;28;1;2;243
22;9;1;2;1292
20;21;1;2;1207
36;33;1;2;2276

1;1;20;134
2;1;9;169
3;1;13;220
4;1;44;271
5;1;49;322
6;1;36;373
7;1;40;413
8;1;44;496
9;1;4;698
10;1;38;832
11;1;1;914
12;1;44;959
13;1;16;1010
14;1;11;1041
15;1;43;1200
16;1;15;1251
17;1;20;1302
18;1;29;1353
19;1;29;1515
20;1;6;1749
21;1;5;1789
22;1;39;1840
23;1;31;1891
24;1;37;1942
25;1;30;2086
26;1;19;2137
27;1;22;2188
28;1;1;2239
29;1;11;2290
30;1;17;2341
31;1;49;2392
32;1;39;2443
33;1;37;2494
34;1;30;2553
35;1;45;2645
36;1;34;2797
37;1;24;2984
38;1;45;3009
39;1;10;3060
40;1;39;3111
41;1;3;3162
42;1;23;3213
43;1;48;3264
44;1;49;3315
45;1;2;3366
46;1;35;3455
47;1;16;3706
48;1;44;3780
49;1;6;3843
50;1;29;3913
*** EOF ***