**** 92 ****
100
46;17;1;2;1484
6;18;1;2;1492
35;7;1;2;1935
30;11;1;2;1779
39;31;1;2;487
39;18;1;2;1999
4;26;1;2;225
46;26;1;2;219
18;29;1;2;107
15;27;1;2;1966
38;22;1;2;2885
22;27;1;2;2404
14;13;1;2;1012
1;44;1;2;823
33;34;1;2;2055
20;23;1;2;72
20;28;1;2;1399
45;23;1;2;2927
16;43;1;2;1155
23;9;1;2;2731
41;48;1;2;2455
26;19;1;2;2183
33;35;1;2;2646
45;37;1;2;1439
20;19;1;2;1873
25;39;1;2;2647
49;10;1;2;476
49;6;1;2;1648
28;21;1;2;1192
35;43;1;2;2503
17;33;1;2;1900
24;11;1;2;869
7;43;1;2;1253
3;37;1;2;2691
45;7;1;2;260
18;33;1;2;1150
17;32;1;2;1009
43;30;1;2;766
43;9;1;2;2936
38;43;1;2;2330
41;11;1;2;562
41;34;1;2;1222
12;41;1;2;1066
17;45;1;2;755
9;39;1;2;1111
19;8;1;2;1893
19;26;1;2;526
30;20;1;2;705
46;13;1;2;413
32;50;1;2;1158
12;42;1;2;2318
26;32;1;2;702
1;44;1;2;1844
17;12;1;2;2390
22;20;1;2;781
35;38;1;2;2240
31;8;1;2;416
7;37;1;2;2135
15;34;1;2;399
30;15;1;2;2400
38;28;1;2;1641
7;4;1;2;375
11;6;1;2;2118
7;22;1;2;531
47;46;1;2;251
28;30;1;2;2240
19;12;1;2;1298
37;19;1;2;2136
22;33;1;2;2170
24;12;1;2;1686
24;2;1;2;2664
16;8;1;2;369
41;20;1;2;2024
11;26;1;2;0
42;22;1;2;842
43;2;1;2;224
34;22;1;2;85
34;8;1;2;1305
20;31;1;2;1237
42;4;1;2;1351
29;28;1;2;2452
45;43;1;2;1211
14;35;1;2;1330
40;45;1;2;2005
37;38;1;2;2978
32;33;1;2;1679
8;16;1;2;1052
43;1;1;2;809
1;22;1;2;1142
40;14;1;2;2097
41;44;1;2;2724
45;38;1;2;2368
6;3;1;2;1404
38;42;1;2;1598
45;30;1;2;1538
24;11;1;2;770
5;18;1;2;1887
10;13;1;2;187
21;13;1;2;1158
13;2;1;2;1323

1;1;37;21
2;1;21;78
3;1;23;175
4;1;42;199
5;1;49;245
6;1;12;359
7;1;43;387
8;1;45;493
9;1;16;544
10;1;43;564
11;1;50;615
12;1;43;666
13;1;6;717
14;1;28;765
15;1;6;863
16;1;47;1110
17;1;10;1161
18;1;3;1187
19;1;5;1389
20;1;31;1465
21;1;38;1510
22;1;49;1690
23;1;22;1741
24;1;41;1792
25;1;12;1843
26;1;49;1894
27;1;16;2014
28;1;12;2125
29;1;12;2208
30;1;6;2269
31;1;49;2383
32;1;33;2434
33;1;45;2665
34;1;41;2716
35;1;31;2759
36;1;4;2944
37;1;11;2971
38;1;14;3022
39;1;12;3073
40;1;23;3259
41;1;47;3310
42;1;33;3377
43;1;16;3428
44;1;27;3514
45;1;43;3561
46;1;6;3612
47;1;1;3674
48;1;33;3717
49;1;14;3836
50;1;45;4000
*** EOF ***