**** 10 ****
100
13;7;1;2;8
14;12;1;2;31
16;14;1;2;3
10;7;1;2;9
20;11;1;2;11
5;5;1;2;36
20;4;1;2;37
13;10;1;2;16
15;6;1;2;11
16;4;1;2;27
5;16;1;2;25
13;2;1;2;16
16;17;1;2;30
19;18;1;2;28
1;9;1;2;30
4;14;1;2;34
12;5;1;2;17
9;9;1;2;38
17;15;1;2;23
8;11;1;2;27
15;7;1;2;2
1;20;1;2;15
9;15;1;2;3
11;6;1;2;1
19;18;1;2;29
9;1;1;2;34
16;12;1;2;31
13;13;1;2;11
4;9;1;2;6
7;9;1;2;36
14;15;1;2;22
9;7;1;2;13
4;16;1;2;0
8;6;1;2;17
1;5;1;2;34
10;5;1;2;6
17;20;1;2;17
8;5;1;2;1
19;8;1;2;22
5;6;1;2;10
13;12;1;2;24
8;20;1;2;11
13;15;1;2;26
13;14;1;2;3
2;14;1;2;19
16;16;1;2;24
14;12;1;2;35
12;11;1;2;39
5;9;1;2;18
7;6;1;2;4
17;10;1;2;15
14;9;1;2;6
5;2;1;2;0
3;6;1;2;26
6;8;1;2;19
6;15;1;2;26
2;9;1;2;17
17;12;1;2;7
17;16;1;2;8
15;15;1;2;25
11;11;1;2;6
6;4;1;2;15
12;20;1;2;8
5;14;1;2;33
11;12;1;2;12
2;17;1;2;19
9;10;1;2;27
18;6;1;2;30
18;14;1;2;37
6;1;1;2;31
3;11;1;2;22
9;17;1;2;17
16;20;1;2;29
4;4;1;2;2
10;14;1;2;13
2;16;1;2;1
1;16;1;2;22
20;13;1;2;8
10;10;1;2;13
20;7;1;2;25
11;9;1;2;16
5;10;1;2;24
15;5;1;2;23
4;1;1;2;39
18;10;1;2;32
4;3;1;2;39
5;16;1;2;14
8;15;1;2;7
8;17;1;2;16
13;16;1;2;35
19;18;1;2;23
7;3;1;2;4
11;9;1;2;1
6;12;1;2;21
5;1;1;2;2
10;4;1;2;4
1;1;1;2;31
16;20;1;2;6
15;7;1;2;14
3;11;1;2;21

1;1;3;79
2;1;1;223
3;1;2;232
4;1;8;244
5;1;4;269
6;1;4;289
7;1;7;362
8;1;6;560
9;1;2;732
10;1;9;784
11;1;4;827
12;1;1;903
13;1;1;971
14;1;9;1022
15;1;4;1033
16;1;6;1088
17;1;4;1102
18;1;4;1199
19;1;7;1292
20;1;9;1505
*** EOF ***