**** 93 ****
100
12;50;1;2;802
7;35;1;2;2676
39;20;1;2;2313
22;45;1;2;1743
31;14;1;2;2122
16;20;1;2;731
4;18;1;2;1954
6;31;1;2;252
20;8;1;2;2416
42;32;1;2;0
38;43;1;2;729
43;49;1;2;2913
21;37;1;2;2082
34;11;1;2;578
30;43;1;2;2142
4;8;1;2;1263
36;13;1;2;1730
42;19;1;2;1661
44;38;1;2;1018
12;31;1;2;250
42;19;1;2;1994
23;11;1;2;2493
39;31;1;2;1831
23;16;1;2;1141
2;45;1;2;1734
46;49;1;2;193
9;36;1;2;2006
39;27;1;2;2526
2;23;1;2;2915
21;36;1;2;1548
23;30;1;2;1668
19;2;1;2;1430
12;40;1;2;510
46;13;1;2;2277
37;16;1;2;2124
23;11;1;2;2172
19;19;1;2;1209
27;9;1;2;837
3;11;1;2;1309
20;33;1;2;97
18;7;1;2;2526
36;25;1;2;677
16;39;1;2;1169
28;34;1;2;83
6;22;1;2;998
30;47;1;2;408
4;15;1;2;2928
13;41;1;2;1288
2;45;1;2;2798
14;14;1;2;532
11;34;1;2;388
37;21;1;2;2065
16;37;1;2;1703
37;16;1;2;1838
20;23;1;2;259
18;4;1;2;2405
28;9;1;2;2469
8;23;1;2;161
47;25;1;2;655
45;38;1;2;1571
30;48;1;2;1104
20;36;1;2;1274
35;3;1;2;512
40;40;1;2;2680
28;9;1;2;702
40;29;1;2;56
45;6;1;2;616
17;14;1;2;2889
30;10;1;2;2063
38;6;1;2;152
9;37;1;2;2901
15;7;1;2;836
41;43;1;2;1338
6;35;1;2;2929
36;14;1;2;1988
38;3;1;2;568
46;50;1;2;1373
13;18;1;2;2388
4;47;1;2;1549
17;34;1;2;2007
19;44;1;2;1293
20;10;1;2;501
8;1;1;2;1696
48;6;1;2;580
28;43;1;2;2695
18;30;1;2;1950
36;28;1;2;749
11;42;1;2;2618
50;47;1;2;1014
1;13;1;2;650
8;33;1;2;95
2;4;1;2;455
5;13;1;2;355
1;10;1;2;1012
33;39;1;2;1754
29;8;1;2;635
29;45;1;2;1064
30;6;1;2;657
48;7;1;2;2303
14;7;1;2;2417

1;1;50;163
2;1;10;257
3;1;47;316
4;1;13;379
5;1;49;469
6;1;25;574
7;1;20;625
8;1;24;671
9;1;27;736
10;1;10;804
11;1;45;1009
12;1;6;1060
13;1;19;1127
14;1;5;1222
15;1;44;1273
16;1;29;1379
17;1;26;1413
18;1;4;1478
19;1;30;1548
20;1;8;1726
21;1;14;1754
22;1;29;1791
23;1;23;1902
24;1;22;1971
25;1;37;2001
26;1;3;2047
27;1;15;2068
28;1;2;2289
29;1;5;2401
30;1;42;2681
31;1;7;2732
32;1;7;2833
33;1;19;2884
34;1;42;3023
35;1;24;3285
36;1;30;3376
37;1;29;3427
38;1;49;3478
39;1;20;3529
40;1;29;3583
41;1;21;3634
42;1;49;3685
43;1;7;3736
44;1;50;3787
45;1;15;3838
46;1;47;3889
47;1;41;3940
48;1;15;3991
49;1;44;4042
50;1;28;4093
*** EOF ***