**** 9 ****
100
1;13;1;2;5
18;19;1;2;36
19;5;1;2;19
19;17;1;2;26
11;5;1;2;10
16;15;1;2;0
10;20;1;2;4
19;20;1;2;14
14;6;1;2;23
1;12;1;2;34
1;12;1;2;19
18;1;1;2;17
6;20;1;2;2
5;10;1;2;30
12;20;1;2;35
14;7;1;2;21
14;8;1;2;20
19;7;1;2;31
5;20;1;2;29
20;12;1;2;20
7;4;1;2;3
6;1;1;2;3
15;6;1;2;14
9;3;1;2;3
20;6;1;2;34
7;19;1;2;1
8;13;1;2;28
20;3;1;2;34
12;7;1;2;6
1;18;1;2;29
13;4;1;2;33
8;1;1;2;5
11;16;1;2;23
18;4;1;2;25
13;15;1;2;30
8;13;1;2;8
1;12;1;2;32
1;12;1;2;34
8;15;1;2;12
6;7;1;2;30
15;19;1;2;25
20;18;1;2;26
6;20;1;2;33
9;17;1;2;8
6;2;1;2;15
8;1;1;2;7
16;1;1;2;39
1;1;1;2;2
7;20;1;2;16
12;5;1;2;22
14;20;1;2;32
19;11;1;2;9
5;16;1;2;28
10;16;1;2;17
19;13;1;2;18
14;20;1;2;18
1;8;1;2;10
12;8;1;2;22
14;6;1;2;2
10;17;1;2;26
4;10;1;2;37
16;9;1;2;28
17;5;1;2;35
6;15;1;2;3
15;5;1;2;35
13;18;1;2;27
3;10;1;2;34
13;2;1;2;33
15;15;1;2;18
9;5;1;2;35
16;8;1;2;16
5;16;1;2;36
13;12;1;2;33
1;9;1;2;39
4;3;1;2;23
11;15;1;2;0
18;9;1;2;9
12;1;1;2;10
5;8;1;2;37
4;16;1;2;1
11;3;1;2;20
7;8;1;2;15
16;20;1;2;19
9;12;1;2;27
8;15;1;2;10
11;6;1;2;16
3;15;1;2;17
4;7;1;2;37
7;3;1;2;36
4;18;1;2;32
17;8;1;2;26
17;7;1;2;33
5;2;1;2;25
16;2;1;2;36
3;9;1;2;31
5;11;1;2;28
14;13;1;2;14
3;16;1;2;0
20;2;1;2;35
9;17;1;2;32

1;1;2;80
2;1;8;128
3;1;10;139
4;1;10;265
5;1;3;417
6;1;6;523
7;1;7;570
8;1;5;754
9;1;6;854
10;1;7;861
11;1;9;869
12;1;6;880
13;1;4;963
14;1;5;1016
15;1;1;1112
16;1;9;1137
17;1;1;1286
18;1;10;1300
19;1;5;1337
20;1;5;1591
*** EOF ***