**** 27 ****
100
5;14;1;2;4
19;6;1;2;11
11;10;1;2;0
17;15;1;2;26
10;2;1;2;95
17;1;1;2;14
12;5;1;2;14
16;11;1;2;39
11;12;1;2;25
16;14;1;2;91
2;11;1;2;36
6;9;1;2;81
9;11;1;2;2
10;8;1;2;36
9;9;1;2;10
4;18;1;2;30
10;9;1;2;86
4;16;1;2;88
4;6;1;2;60
9;14;1;2;85
12;15;1;2;55
8;12;1;2;63
1;13;1;2;74
4;2;1;2;33
12;2;1;2;41
2;6;1;2;58
5;15;1;2;59
11;19;1;2;94
12;14;1;2;12
12;14;1;2;77
17;6;1;2;71
5;5;1;2;54
8;6;1;2;86
14;9;1;2;20
19;12;1;2;81
1;6;1;2;18
11;10;1;2;93
10;20;1;2;23
17;11;1;2;48
1;14;1;2;41
18;3;1;2;46
1;7;1;2;51
15;6;1;2;88
2;12;1;2;8
2;10;1;2;99
3;2;1;2;24
14;13;1;2;13
19;14;1;2;5
2;2;1;2;87
2;2;1;2;73
3;19;1;2;47
10;19;1;2;65
13;14;1;2;90
1;7;1;2;53
9;8;1;2;35
8;2;1;2;28
5;7;1;2;92
10;5;1;2;86
15;18;1;2;7
15;19;1;2;21
20;2;1;2;51
7;11;1;2;70
12;15;1;2;35
14;15;1;2;33
8;3;1;2;32
15;2;1;2;65
3;18;1;2;52
8;8;1;2;36
14;14;1;2;94
13;8;1;2;72
6;7;1;2;13
18;13;1;2;15
8;4;1;2;29
15;18;1;2;95
20;17;1;2;17
12;3;1;2;51
17;17;1;2;68
9;4;1;2;35
18;9;1;2;9
12;14;1;2;28
16;19;1;2;67
10;16;1;2;19
17;15;1;2;55
7;1;1;2;64
2;20;1;2;52
12;11;1;2;54
15;20;1;2;2
3;20;1;2;86
11;17;1;2;46
12;20;1;2;39
20;16;1;2;38
7;17;1;2;45
19;13;1;2;80
6;11;1;2;32
2;5;1;2;32
14;8;1;2;14
20;2;1;2;45
2;16;1;2;25
20;18;1;2;93
7;9;1;2;93

1;1;17;6
2;1;9;27
3;1;8;48
4;1;17;69
5;1;13;90
6;1;3;111
7;1;6;132
8;1;16;153
9;1;8;174
10;1;10;195
11;1;10;216
12;1;7;237
13;1;8;258
14;1;19;279
15;1;1;300
16;1;14;321
17;1;8;342
18;1;17;363
19;1;4;384
20;1;2;405
21;1;15;426
22;1;5;447
23;1;15;468
24;1;7;489
25;1;10;510
26;1;12;531
27;1;17;552
28;1;17;573
29;1;8;594
30;1;10;615
31;1;13;636
32;1;9;657
33;1;20;678
34;1;2;699
35;1;15;720
36;1;7;741
37;1;6;762
38;1;16;783
39;1;4;804
40;1;12;825
*** EOF ***