**** 25 ****
100
15;20;1;2;65
14;5;1;2;47
4;9;1;2;82
10;12;1;2;3
6;6;1;2;58
17;5;1;2;26
9;7;1;2;78
9;12;1;2;73
20;11;1;2;76
14;4;1;2;55
18;19;1;2;86
3;12;1;2;23
2;7;1;2;51
4;9;1;2;22
19;14;1;2;48
17;11;1;2;64
16;19;1;2;10
14;19;1;2;61
8;10;1;2;23
4;4;1;2;59
12;1;1;2;97
10;15;1;2;20
13;8;1;2;47
5;11;1;2;47
7;9;1;2;20
7;18;1;2;30
11;13;1;2;40
1;18;1;2;91
15;5;1;2;80
10;1;1;2;75
9;4;1;2;95
18;13;1;2;61
19;6;1;2;68
18;2;1;2;50
5;20;1;2;11
17;7;1;2;8
8;17;1;2;72
20;10;1;2;29
3;16;1;2;6
16;5;1;2;78
11;6;1;2;0
19;3;1;2;65
20;13;1;2;90
1;10;1;2;83
3;6;1;2;63
14;3;1;2;29
2;2;1;2;97
14;13;1;2;78
4;16;1;2;33
2;11;1;2;38
20;13;1;2;3
1;11;1;2;77
6;3;1;2;30
9;15;1;2;11
12;17;1;2;69
15;11;1;2;71
16;4;1;2;4
14;18;1;2;56
4;13;1;2;23
18;6;1;2;85
8;5;1;2;18
3;5;1;2;68
20;2;1;2;50
2;2;1;2;36
14;14;1;2;73
15;20;1;2;23
6;16;1;2;46
2;1;1;2;15
18;4;1;2;59
2;13;1;2;84
7;20;1;2;68
5;2;1;2;64
6;14;1;2;38
8;15;1;2;79
5;20;1;2;24
10;14;1;2;36
13;11;1;2;91
11;12;1;2;43
19;10;1;2;18
10;3;1;2;51
15;1;1;2;30
15;18;1;2;64
12;3;1;2;77
2;2;1;2;3
1;6;1;2;3
18;7;1;2;48
14;19;1;2;59
17;2;1;2;42
12;12;1;2;51
10;1;1;2;65
13;7;1;2;18
16;14;1;2;75
20;5;1;2;9
9;6;1;2;70
12;18;1;2;48
7;15;1;2;14
16;20;1;2;45
7;16;1;2;38
9;7;1;2;9
13;9;1;2;69

1;1;13;6
2;1;18;27
3;1;3;48
4;1;3;69
5;1;8;90
6;1;13;111
7;1;19;132
8;1;19;153
9;1;6;174
10;1;19;195
11;1;6;216
12;1;13;237
13;1;20;258
14;1;6;279
15;1;6;300
16;1;18;321
17;1;7;342
18;1;18;363
19;1;15;384
20;1;7;405
21;1;18;426
22;1;8;447
23;1;18;468
24;1;1;489
25;1;7;510
26;1;20;531
27;1;2;552
28;1;19;573
29;1;12;594
30;1;17;615
31;1;3;636
32;1;10;657
33;1;10;678
34;1;1;699
35;1;6;720
36;1;4;741
37;1;18;762
38;1;16;783
39;1;9;804
40;1;12;825
*** EOF ***