**** 15 ****
100
1;10;1;2;12
17;6;1;2;10
13;8;1;2;46
5;17;1;2;4
2;9;1;2;5
5;3;1;2;71
13;20;1;2;85
14;14;1;2;66
19;20;1;2;76
16;14;1;2;89
3;6;1;2;10
7;15;1;2;55
17;7;1;2;14
16;11;1;2;10
20;4;1;2;31
17;1;1;2;33
1;13;1;2;25
6;7;1;2;58
12;17;1;2;77
20;12;1;2;2
9;6;1;2;80
20;13;1;2;74
7;1;1;2;72
2;16;1;2;34
4;16;1;2;57
15;4;1;2;37
1;4;1;2;42
6;9;1;2;8
4;12;1;2;64
13;12;1;2;48
15;12;1;2;73
7;3;1;2;57
1;10;1;2;58
13;11;1;2;73
7;14;1;2;60
17;1;1;2;24
6;1;1;2;87
8;18;1;2;88
8;1;1;2;39
13;5;1;2;22
13;11;1;2;74
18;18;1;2;8
16;18;1;2;77
6;3;1;2;47
11;1;1;2;33
12;9;1;2;13
16;15;1;2;25
15;14;1;2;42
3;2;1;2;74
15;6;1;2;98
17;18;1;2;68
3;7;1;2;65
12;14;1;2;15
1;19;1;2;89
9;10;1;2;21
14;13;1;2;70
19;8;1;2;76
16;14;1;2;29
18;9;1;2;90
12;3;1;2;27
2;11;1;2;36
10;6;1;2;43
8;17;1;2;56
15;9;1;2;87
4;9;1;2;8
17;2;1;2;80
7;12;1;2;79
15;7;1;2;92
5;4;1;2;60
7;7;1;2;22
15;8;1;2;5
11;10;1;2;30
6;17;1;2;58
3;11;1;2;66
2;6;1;2;55
10;2;1;2;8
10;1;1;2;40
9;15;1;2;78
1;19;1;2;14
14;18;1;2;20
8;4;1;2;0
13;14;1;2;69
3;20;1;2;97
13;14;1;2;47
20;15;1;2;64
7;4;1;2;65
15;5;1;2;77
7;13;1;2;72
6;5;1;2;82
12;18;1;2;99
12;6;1;2;2
4;10;1;2;28
13;13;1;2;19
10;17;1;2;32
9;8;1;2;58
13;14;1;2;53
11;1;1;2;97
8;19;1;2;21
12;16;1;2;65
15;7;1;2;95

1;1;10;26
2;1;20;70
3;1;4;91
4;1;20;120
5;1;13;141
6;1;2;162
7;1;2;183
8;1;17;204
9;1;16;364
10;1;7;461
11;1;10;479
12;1;10;519
13;1;16;566
14;1;12;596
15;1;5;617
16;1;3;627
17;1;5;638
18;1;19;678
19;1;18;699
20;1;19;791
21;1;12;891
22;1;15;914
23;1;20;935
24;1;5;1010
25;1;14;1029
26;1;16;1060
27;1;14;1147
28;1;7;1223
29;1;14;1245
30;1;14;1266
31;1;2;1287
32;1;9;1308
33;1;5;1360
34;1;16;1378
35;1;18;1399
36;1;12;1425
37;1;2;1522
38;1;2;1541
39;1;11;1552
40;1;9;1573
*** EOF ***