**** 97 ****
100
44;2;1;2;2792
21;38;1;2;500
2;45;1;2;1716
47;1;1;2;2907
39;45;1;2;1529
8;20;1;2;1434
21;32;1;2;2786
33;6;1;2;2914
13;9;1;2;1732
34;9;1;2;2549
25;5;1;2;1102
19;27;1;2;389
21;30;1;2;1735
37;26;1;2;2736
46;16;1;2;932
27;23;1;2;2451
13;44;1;2;334
2;28;1;2;889
16;42;1;2;999
50;25;1;2;2210
49;1;1;2;1864
4;19;1;2;1390
45;39;1;2;2319
31;27;1;2;2496
19;22;1;2;2512
1;49;1;2;1936
2;11;1;2;531
36;12;1;2;1359
28;29;1;2;1450
29;28;1;2;2277
39;29;1;2;2027
3;32;1;2;846
45;26;1;2;2936
14;8;1;2;663
13;26;1;2;284
25;26;1;2;1034
11;29;1;2;1347
45;17;1;2;1360
4;44;1;2;1341
6;22;1;2;0
33;13;1;2;2948
11;17;1;2;2931
9;12;1;2;359
45;25;1;2;318
8;37;1;2;2194
45;13;1;2;1621
31;26;1;2;1052
28;20;1;2;468
41;25;1;2;1463
32;30;1;2;2036
2;13;1;2;1398
3;25;1;2;1765
36;33;1;2;1526
47;29;1;2;352
16;39;1;2;741
12;33;1;2;2555
35;15;1;2;1732
37;45;1;2;1451
5;35;1;2;775
20;18;1;2;1507
7;21;1;2;2571
7;25;1;2;2995
22;11;1;2;1329
50;9;1;2;509
5;24;1;2;847
48;37;1;2;331
5;22;1;2;2996
38;8;1;2;1892
39;15;1;2;1028
17;36;1;2;1745
24;42;1;2;1415
47;49;1;2;692
44;22;1;2;1802
23;24;1;2;512
34;28;1;2;2438
32;27;1;2;1124
15;31;1;2;1545
13;18;1;2;2105
5;9;1;2;271
33;25;1;2;506
30;50;1;2;1848
48;46;1;2;398
40;39;1;2;569
44;13;1;2;1944
6;46;1;2;1171
44;29;1;2;399
19;46;1;2;1480
16;8;1;2;849
21;15;1;2;2607
44;47;1;2;1881
1;29;1;2;882
49;26;1;2;1477
49;17;1;2;1717
20;10;1;2;2579
15;17;1;2;2277
38;11;1;2;1305
38;31;1;2;700
20;48;1;2;810
19;21;1;2;174
27;14;1;2;172

1;1;15;116
2;1;50;179
3;1;9;344
4;1;18;438
5;1;35;489
6;1;5;540
7;1;20;591
8;1;27;757
9;1;48;808
10;1;49;859
11;1;12;910
12;1;30;1020
13;1;14;1114
14;1;32;1309
15;1;49;1619
16;1;13;1695
17;1;20;1831
18;1;28;1968
19;1;30;2072
20;1;1;2123
21;1;40;2148
22;1;40;2189
23;1;49;2240
24;1;25;2291
25;1;45;2482
26;1;16;2533
27;1;25;2662
28;1;34;2689
29;1;22;2797
30;1;19;2833
31;1;6;2920
32;1;10;2971
33;1;11;3022
34;1;28;3073
35;1;22;3124
36;1;11;3175
37;1;46;3226
38;1;42;3277
39;1;5;3328
40;1;42;3411
41;1;18;3523
42;1;50;3574
43;1;40;3625
44;1;43;3676
45;1;26;3727
46;1;22;3778
47;1;11;3829
48;1;18;3880
49;1;4;3928
50;1;15;3949
*** EOF ***