**** 11 ****
100
3;20;1;2;23
17;7;1;2;15
18;14;1;2;65
13;10;1;2;6
3;9;1;2;93
20;19;1;2;62
20;1;1;2;70
11;18;1;2;38
2;20;1;2;69
9;10;1;2;40
20;5;1;2;52
3;13;1;2;78
10;11;1;2;64
15;15;1;2;25
2;18;1;2;46
7;9;1;2;56
9;1;1;2;16
11;11;1;2;85
1;12;1;2;96
10;20;1;2;6
11;11;1;2;82
15;13;1;2;94
5;2;1;2;84
1;9;1;2;79
7;2;1;2;28
13;8;1;2;76
9;8;1;2;28
17;18;1;2;38
14;10;1;2;42
11;19;1;2;53
9;1;1;2;36
11;7;1;2;60
5;12;1;2;42
2;12;1;2;2
13;10;1;2;43
1;2;1;2;62
9;2;1;2;21
18;10;1;2;90
8;4;1;2;59
2;14;1;2;49
8;2;1;2;50
4;4;1;2;68
4;8;1;2;79
18;1;1;2;3
12;13;1;2;12
7;5;1;2;6
9;6;1;2;39
10;15;1;2;29
20;14;1;2;64
11;16;1;2;37
1;15;1;2;10
3;10;1;2;65
11;5;1;2;92
3;15;1;2;85
18;6;1;2;17
10;13;1;2;74
8;13;1;2;79
8;3;1;2;13
9;14;1;2;66
13;17;1;2;33
2;17;1;2;67
12;11;1;2;8
9;1;1;2;13
13;15;1;2;27
18;12;1;2;4
8;2;1;2;88
2;1;1;2;41
1;8;1;2;35
6;8;1;2;60
4;20;1;2;76
18;1;1;2;84
17;4;1;2;34
6;12;1;2;95
11;5;1;2;49
10;14;1;2;0
14;1;1;2;14
15;2;1;2;46
16;14;1;2;34
3;11;1;2;13
3;15;1;2;93
20;4;1;2;65
4;12;1;2;89
19;9;1;2;32
6;19;1;2;88
7;20;1;2;42
20;6;1;2;62
14;20;1;2;76
1;7;1;2;61
7;9;1;2;32
12;11;1;2;58
5;2;1;2;73
11;18;1;2;44
12;16;1;2;33
4;13;1;2;3
5;19;1;2;83
7;19;1;2;28
1;4;1;2;79
9;16;1;2;25
11;14;1;2;53
15;6;1;2;75

1;1;3;104
2;1;13;135
3;1;14;156
4;1;4;177
5;1;1;240
6;1;15;270
7;1;15;295
8;1;9;355
9;1;4;371
10;1;7;406
11;1;9;544
12;1;5;594
13;1;14;615
14;1;19;633
15;1;18;722
16;1;8;760
17;1;13;783
18;1;10;804
19;1;16;830
20;1;15;882
21;1;20;903
22;1;13;955
23;1;13;1070
24;1;1;1091
25;1;15;1147
26;1;6;1188
27;1;15;1256
28;1;15;1286
29;1;13;1390
30;1;18;1411
31;1;17;1432
32;1;15;1475
33;1;6;1543
34;1;12;1557
35;1;2;1578
36;1;7;1599
37;1;2;1620
38;1;10;1641
39;1;8;1662
40;1;18;1683
*** EOF ***