**** 96 ****
100
20;31;1;2;2766
49;13;1;2;400
25;17;1;2;2848
25;16;1;2;863
1;3;1;2;1768
49;29;1;2;780
39;46;1;2;1011
25;42;1;2;279
20;13;1;2;1734
4;7;1;2;1067
42;29;1;2;2149
11;27;1;2;214
13;1;1;2;130
11;25;1;2;945
24;28;1;2;2599
44;26;1;2;677
26;16;1;2;25
37;43;1;2;2368
18;12;1;2;2782
5;15;1;2;2189
22;9;1;2;1667
23;19;1;2;2795
37;31;1;2;2695
20;41;1;2;0
17;16;1;2;298
17;9;1;2;1425
46;36;1;2;641
23;23;1;2;1183
42;42;1;2;496
24;46;1;2;312
15;19;1;2;1720
34;42;1;2;2190
29;30;1;2;1770
26;49;1;2;1012
48;16;1;2;779
46;32;1;2;2839
24;29;1;2;2325
15;2;1;2;599
50;43;1;2;940
48;18;1;2;2436
12;35;1;2;856
35;18;1;2;647
25;49;1;2;2727
48;24;1;2;1225
12;21;1;2;440
42;19;1;2;323
31;42;1;2;1552
6;8;1;2;1855
5;7;1;2;249
46;6;1;2;2516
34;17;1;2;2902
40;1;1;2;2370
40;28;1;2;1418
19;25;1;2;2741
46;36;1;2;714
39;29;1;2;1282
12;10;1;2;223
16;17;1;2;1530
21;22;1;2;738
20;19;1;2;1343
39;4;1;2;1361
41;45;1;2;2514
13;36;1;2;991
31;4;1;2;2267
25;50;1;2;1354
39;38;1;2;2033
23;1;1;2;1142
46;17;1;2;1358
28;39;1;2;281
16;11;1;2;1851
11;49;1;2;2504
24;41;1;2;801
38;4;1;2;36
29;36;1;2;290
48;12;1;2;491
3;50;1;2;1080
36;24;1;2;2380
30;19;1;2;648
40;46;1;2;387
22;13;1;2;2197
23;25;1;2;2947
30;49;1;2;2187
31;36;1;2;2992
17;17;1;2;428
9;14;1;2;939
50;16;1;2;2241
30;3;1;2;2614
13;32;1;2;2635
11;22;1;2;832
50;45;1;2;945
47;17;1;2;2019
46;46;1;2;2769
34;26;1;2;2005
28;45;1;2;1421
6;3;1;2;636
48;3;1;2;654
39;34;1;2;506
5;46;1;2;1688
40;9;1;2;261
25;8;1;2;2155

1;1;41;52
2;1;37;103
3;1;2;160
4;1;20;356
5;1;16;487
6;1;30;600
7;1;37;796
8;1;10;849
9;1;36;922
10;1;18;973
11;1;27;1100
12;1;45;1132
13;1;2;1183
14;1;43;1234
15;1;27;1293
16;1;27;1344
17;1;20;1395
18;1;43;1495
19;1;26;1546
20;1;16;1762
21;1;28;1813
22;1;23;1864
23;1;11;1915
24;1;38;1941
25;1;27;2033
26;1;9;2084
27;1;8;2176
28;1;22;2195
29;1;43;2276
30;1;38;2371
31;1;7;2422
32;1;30;2473
33;1;8;2524
34;1;21;2575
35;1;16;2626
36;1;50;2677
37;1;7;2746
38;1;31;2820
39;1;7;2924
40;1;50;2935
41;1;47;2986
42;1;5;3037
43;1;50;3125
44;1;40;3539
45;1;41;3590
46;1;5;3641
47;1;38;3648
48;1;14;3699
49;1;47;3750
50;1;24;3864
*** EOF ***