**** 13 ****
100
13;17;1;2;51
8;7;1;2;44
13;17;1;2;79
9;15;1;2;34
8;13;1;2;16
7;14;1;2;93
8;1;1;2;75
13;4;1;2;14
20;16;1;2;15
6;4;1;2;71
4;8;1;2;27
8;15;1;2;66
12;19;1;2;82
11;19;1;2;8
18;7;1;2;33
6;5;1;2;86
19;12;1;2;66
14;16;1;2;90
20;16;1;2;85
16;13;1;2;20
7;17;1;2;27
7;4;1;2;74
13;7;1;2;32
7;18;1;2;31
15;7;1;2;9
8;12;1;2;45
14;2;1;2;16
13;15;1;2;11
3;7;1;2;58
20;2;1;2;31
20;20;1;2;27
19;6;1;2;2
13;10;1;2;48
18;16;1;2;97
1;3;1;2;35
2;10;1;2;26
7;16;1;2;19
3;8;1;2;34
6;2;1;2;92
5;13;1;2;5
16;12;1;2;44
15;2;1;2;42
17;7;1;2;11
17;4;1;2;39
15;16;1;2;81
2;17;1;2;70
9;3;1;2;97
20;17;1;2;24
6;14;1;2;97
18;18;1;2;49
3;5;1;2;52
8;19;1;2;34
2;7;1;2;72
5;16;1;2;47
4;2;1;2;42
5;3;1;2;18
16;3;1;2;72
5;3;1;2;68
10;8;1;2;73
19;6;1;2;91
9;8;1;2;7
1;7;1;2;46
7;20;1;2;64
19;5;1;2;59
6;8;1;2;32
8;13;1;2;15
18;20;1;2;37
10;4;1;2;19
10;5;1;2;99
4;4;1;2;16
7;4;1;2;75
14;16;1;2;22
12;3;1;2;53
9;13;1;2;77
8;11;1;2;85
1;18;1;2;9
8;8;1;2;68
5;9;1;2;63
17;11;1;2;20
8;6;1;2;83
4;12;1;2;58
19;17;1;2;93
13;9;1;2;75
7;17;1;2;28
16;16;1;2;98
13;8;1;2;27
2;15;1;2;86
2;12;1;2;47
6;20;1;2;77
18;7;1;2;0
1;10;1;2;65
19;20;1;2;21
12;13;1;2;21
20;11;1;2;29
20;6;1;2;5
10;19;1;2;84
9;12;1;2;31
16;14;1;2;82
3;11;1;2;13
12;8;1;2;19

1;1;2;76
2;1;12;134
3;1;4;177
4;1;1;184
5;1;19;217
6;1;13;308
7;1;10;329
8;1;6;356
9;1;7;386
10;1;2;394
11;1;18;412
12;1;9;438
13;1;10;465
14;1;5;486
15;1;6;560
16;1;9;592
17;1;11;680
18;1;1;753
19;1;3;790
20;1;6;802
21;1;6;836
22;1;10;870
23;1;3;893
24;1;16;986
25;1;13;1022
26;1;5;1041
27;1;12;1108
28;1;15;1169
29;1;5;1198
30;1;9;1278
31;1;20;1318
32;1;11;1339
33;1;7;1405
34;1;7;1426
35;1;12;1447
36;1;15;1468
37;1;20;1489
38;1;20;1510
39;1;15;1531
40;1;11;1559
*** EOF ***