**** 22 ****
100
18;15;1;2;1
7;18;1;2;8
14;18;1;2;99
12;10;1;2;70
11;9;1;2;53
17;12;1;2;60
5;12;1;2;87
17;8;1;2;97
12;15;1;2;86
15;10;1;2;55
13;7;1;2;61
7;13;1;2;30
15;6;1;2;27
6;10;1;2;36
16;12;1;2;56
9;9;1;2;79
2;5;1;2;31
9;1;1;2;70
18;4;1;2;84
5;19;1;2;46
12;3;1;2;32
5;9;1;2;97
16;16;1;2;34
15;1;1;2;35
12;9;1;2;7
20;17;1;2;75
20;10;1;2;51
3;10;1;2;83
13;8;1;2;87
9;12;1;2;85
15;15;1;2;87
20;19;1;2;48
17;14;1;2;23
3;9;1;2;63
19;12;1;2;91
6;3;1;2;60
13;14;1;2;29
4;16;1;2;91
19;20;1;2;38
6;1;1;2;61
11;7;1;2;15
11;6;1;2;65
11;14;1;2;91
14;17;1;2;71
9;7;1;2;94
13;12;1;2;16
5;16;1;2;22
6;11;1;2;89
17;9;1;2;89
15;15;1;2;61
8;17;1;2;47
15;19;1;2;85
1;9;1;2;18
12;14;1;2;86
3;3;1;2;72
9;7;1;2;35
5;11;1;2;2
19;16;1;2;72
9;13;1;2;81
18;19;1;2;67
11;7;1;2;15
18;13;1;2;14
3;13;1;2;14
14;16;1;2;88
12;10;1;2;2
17;18;1;2;0
12;15;1;2;90
15;13;1;2;57
19;1;1;2;41
12;10;1;2;80
11;20;1;2;38
7;18;1;2;82
1;12;1;2;75
7;5;1;2;62
15;17;1;2;12
9;13;1;2;69
9;16;1;2;55
11;2;1;2;88
9;13;1;2;8
2;4;1;2;10
14;15;1;2;49
4;13;1;2;78
7;5;1;2;30
2;11;1;2;26
16;6;1;2;54
8;6;1;2;38
10;15;1;2;14
5;17;1;2;87
5;5;1;2;79
14;7;1;2;75
4;12;1;2;41
5;16;1;2;93
4;2;1;2;49
14;15;1;2;19
12;10;1;2;96
7;18;1;2;82
5;19;1;2;28
11;15;1;2;24
19;20;1;2;81
10;5;1;2;39

1;1;14;10
2;1;13;31
3;1;1;52
4;1;12;73
5;1;17;94
6;1;16;115
7;1;20;136
8;1;8;157
9;1;4;178
10;1;12;199
11;1;12;220
12;1;4;241
13;1;1;262
14;1;17;283
15;1;16;304
16;1;14;325
17;1;4;346
18;1;14;367
19;1;7;388
20;1;15;409
21;1;1;430
22;1;12;451
23;1;10;472
24;1;3;493
25;1;11;514
26;1;9;535
27;1;4;556
28;1;20;577
29;1;6;598
30;1;10;619
31;1;14;640
32;1;5;661
33;1;4;682
34;1;20;703
35;1;19;724
36;1;19;745
37;1;14;766
38;1;7;787
39;1;10;808
40;1;8;829
*** EOF ***