**** 16 ****
100
14;7;1;2;61
14;18;1;2;54
10;18;1;2;19
10;10;1;2;18
6;14;1;2;20
9;1;1;2;36
16;9;1;2;5
10;20;1;2;89
19;2;1;2;41
7;17;1;2;97
1;3;1;2;84
14;8;1;2;73
9;9;1;2;31
20;18;1;2;80
10;15;1;2;14
10;16;1;2;94
19;11;1;2;54
4;12;1;2;94
5;10;1;2;27
6;16;1;2;36
4;8;1;2;58
20;14;1;2;65
13;2;1;2;74
16;13;1;2;63
17;2;1;2;30
3;11;1;2;85
17;1;1;2;35
3;17;1;2;18
9;1;1;2;79
17;7;1;2;74
13;2;1;2;34
3;13;1;2;19
20;5;1;2;32
14;1;1;2;44
10;9;1;2;25
20;11;1;2;47
17;19;1;2;48
4;1;1;2;84
2;10;1;2;96
1;18;1;2;74
7;2;1;2;15
13;4;1;2;7
12;3;1;2;24
4;9;1;2;96
8;10;1;2;4
5;1;1;2;14
13;17;1;2;24
13;12;1;2;84
17;13;1;2;45
5;5;1;2;34
20;11;1;2;87
7;4;1;2;10
15;7;1;2;25
11;11;1;2;5
7;10;1;2;66
3;15;1;2;86
17;7;1;2;54
13;11;1;2;5
17;7;1;2;9
15;11;1;2;93
1;2;1;2;35
9;9;1;2;18
11;3;1;2;17
8;5;1;2;7
13;11;1;2;88
11;13;1;2;82
9;1;1;2;40
3;13;1;2;10
20;1;1;2;28
1;7;1;2;91
14;20;1;2;72
10;8;1;2;40
20;10;1;2;54
17;18;1;2;38
16;2;1;2;40
5;13;1;2;64
19;1;1;2;76
20;16;1;2;48
2;7;1;2;21
11;8;1;2;39
2;13;1;2;38
14;2;1;2;57
15;14;1;2;7
9;2;1;2;64
20;18;1;2;37
20;14;1;2;89
5;12;1;2;10
13;11;1;2;57
2;13;1;2;83
15;15;1;2;2
6;16;1;2;55
5;9;1;2;76
2;15;1;2;41
1;16;1;2;63
17;15;1;2;0
15;6;1;2;93
4;10;1;2;76
6;3;1;2;39
15;16;1;2;43
19;2;1;2;17

1;1;12;5
2;1;3;24
3;1;6;51
4;1;10;72
5;1;8;93
6;1;15;114
7;1;7;135
8;1;9;196
9;1;7;244
10;1;20;270
11;1;11;299
12;1;11;320
13;1;15;341
14;1;13;460
15;1;13;486
16;1;18;538
17;1;13;587
18;1;10;625
19;1;18;692
20;1;10;729
21;1;13;762
22;1;15;783
23;1;18;824
24;1;13;845
25;1;6;865
26;1;5;886
27;1;6;907
28;1;2;966
29;1;17;1001
30;1;13;1022
31;1;4;1119
32;1;17;1161
33;1;1;1182
34;1;15;1203
35;1;9;1224
36;1;11;1245
37;1;13;1345
38;1;11;1531
39;1;1;1571
40;1;15;1580
*** EOF ***