**** 28 ****
100
17;18;1;2;58
16;20;1;2;65
11;2;1;2;57
17;20;1;2;18
17;10;1;2;52
8;2;1;2;86
19;7;1;2;94
16;19;1;2;3
11;5;1;2;77
1;11;1;2;84
15;7;1;2;62
13;3;1;2;33
10;5;1;2;94
20;14;1;2;86
18;10;1;2;95
2;17;1;2;16
8;15;1;2;62
14;2;1;2;32
17;12;1;2;37
7;4;1;2;67
3;11;1;2;73
17;15;1;2;47
11;5;1;2;92
17;16;1;2;65
3;13;1;2;14
10;6;1;2;23
18;5;1;2;77
13;18;1;2;91
5;7;1;2;74
2;5;1;2;78
9;19;1;2;48
15;16;1;2;94
14;6;1;2;30
6;2;1;2;65
3;17;1;2;69
18;6;1;2;94
13;16;1;2;78
10;8;1;2;68
13;4;1;2;66
8;6;1;2;50
6;6;1;2;8
6;12;1;2;3
12;6;1;2;20
3;3;1;2;54
8;6;1;2;90
10;15;1;2;27
4;7;1;2;82
15;8;1;2;21
3;1;1;2;25
9;8;1;2;82
11;5;1;2;7
11;2;1;2;79
7;13;1;2;96
7;15;1;2;98
13;15;1;2;3
3;4;1;2;29
3;19;1;2;95
17;13;1;2;83
11;15;1;2;35
16;15;1;2;22
18;5;1;2;78
17;16;1;2;99
8;2;1;2;83
4;20;1;2;10
15;13;1;2;44
18;7;1;2;59
8;9;1;2;97
15;18;1;2;90
18;8;1;2;56
13;15;1;2;11
7;4;1;2;7
5;20;1;2;0
16;20;1;2;55
20;3;1;2;35
10;17;1;2;99
6;7;1;2;85
5;6;1;2;26
2;20;1;2;3
4;10;1;2;42
1;14;1;2;16
4;13;1;2;11
11;9;1;2;30
14;5;1;2;61
1;16;1;2;96
8;5;1;2;84
7;2;1;2;30
5;6;1;2;67
11;19;1;2;39
6;15;1;2;28
8;15;1;2;73
16;18;1;2;45
7;8;1;2;26
9;13;1;2;10
11;6;1;2;85
7;13;1;2;61
3;12;1;2;82
6;16;1;2;59
13;18;1;2;89
12;3;1;2;63
12;2;1;2;89

1;1;19;5
2;1;12;26
3;1;12;47
4;1;11;68
5;1;15;89
6;1;4;110
7;1;3;131
8;1;7;152
9;1;16;173
10;1;16;194
11;1;20;215
12;1;17;236
13;1;19;257
14;1;6;278
15;1;11;299
16;1;3;320
17;1;11;341
18;1;4;362
19;1;6;383
20;1;8;404
21;1;1;425
22;1;8;446
23;1;1;467
24;1;15;488
25;1;15;509
26;1;11;530
27;1;16;551
28;1;8;572
29;1;13;593
30;1;7;614
31;1;15;635
32;1;11;656
33;1;7;677
34;1;11;698
35;1;3;719
36;1;14;740
37;1;8;761
38;1;12;782
39;1;15;803
40;1;19;824
*** EOF ***