**** 12 ****
100
18;1;1;2;30
1;3;1;2;60
5;19;1;2;23
10;14;1;2;38
17;8;1;2;59
1;7;1;2;68
1;13;1;2;84
13;9;1;2;35
11;13;1;2;37
6;11;1;2;97
17;20;1;2;9
20;12;1;2;11
20;17;1;2;1
3;6;1;2;86
14;15;1;2;46
13;15;1;2;52
14;16;1;2;44
10;20;1;2;4
5;10;1;2;9
15;8;1;2;91
12;4;1;2;91
13;3;1;2;22
5;15;1;2;38
18;9;1;2;56
17;2;1;2;50
3;7;1;2;24
7;12;1;2;91
3;1;1;2;70
19;6;1;2;92
8;20;1;2;39
20;3;1;2;62
11;15;1;2;97
5;11;1;2;3
16;9;1;2;51
12;17;1;2;85
2;19;1;2;11
18;17;1;2;2
10;19;1;2;42
20;17;1;2;19
12;17;1;2;18
3;16;1;2;92
6;18;1;2;47
15;14;1;2;97
10;9;1;2;97
1;12;1;2;33
18;5;1;2;3
9;3;1;2;11
3;12;1;2;1
18;3;1;2;30
17;7;1;2;6
8;9;1;2;73
20;6;1;2;70
7;12;1;2;75
17;1;1;2;24
6;14;1;2;27
12;11;1;2;32
7;12;1;2;14
19;6;1;2;17
20;3;1;2;11
10;12;1;2;89
8;19;1;2;38
1;10;1;2;75
3;9;1;2;47
19;5;1;2;59
15;2;1;2;12
2;13;1;2;95
6;20;1;2;18
20;10;1;2;83
9;1;1;2;86
1;3;1;2;97
10;10;1;2;87
20;3;1;2;96
16;5;1;2;24
15;15;1;2;20
14;1;1;2;82
19;15;1;2;94
14;20;1;2;65
4;20;1;2;54
7;20;1;2;15
5;20;1;2;77
2;2;1;2;98
1;1;1;2;0
10;8;1;2;57
14;14;1;2;91
15;8;1;2;32
9;18;1;2;6
3;3;1;2;45
1;6;1;2;16
15;12;1;2;36
10;17;1;2;67
19;10;1;2;48
18;11;1;2;21
18;20;1;2;60
15;5;1;2;14
19;11;1;2;93
11;19;1;2;10
9;14;1;2;12
6;14;1;2;69
15;8;1;2;60
3;10;1;2;28

1;1;19;24
2;1;8;45
3;1;19;67
4;1;13;120
5;1;19;141
6;1;9;162
7;1;4;183
8;1;4;204
9;1;3;225
10;1;11;246
11;1;20;270
12;1;2;340
13;1;10;347
14;1;11;423
15;1;17;546
16;1;18;567
17;1;1;588
18;1;1;601
19;1;5;702
20;1;17;777
21;1;14;813
22;1;13;833
23;1;20;854
24;1;7;875
25;1;3;883
26;1;7;888
27;1;17;909
28;1;20;928
29;1;18;992
30;1;19;1051
31;1;17;1072
32;1;12;1091
33;1;9;1237
34;1;14;1253
35;1;11;1364
36;1;20;1414
37;1;8;1457
38;1;16;1511
39;1;8;1554
40;1;10;1577
*** EOF ***