**** 18 ****
100
2;19;1;2;69
5;8;1;2;31
18;7;1;2;46
5;16;1;2;76
11;7;1;2;81
14;12;1;2;46
2;8;1;2;37
7;8;1;2;35
2;19;1;2;97
10;15;1;2;83
12;8;1;2;22
1;13;1;2;49
4;10;1;2;68
10;6;1;2;35
18;8;1;2;33
20;2;1;2;64
6;15;1;2;71
15;13;1;2;18
11;15;1;2;69
8;4;1;2;23
3;15;1;2;11
5;7;1;2;83
7;11;1;2;4
15;20;1;2;0
10;10;1;2;8
15;9;1;2;1
19;14;1;2;35
10;9;1;2;40
8;11;1;2;14
17;10;1;2;17
13;12;1;2;32
16;17;1;2;78
19;3;1;2;40
15;9;1;2;12
16;10;1;2;21
16;4;1;2;49
18;2;1;2;94
5;11;1;2;94
5;10;1;2;84
11;19;1;2;13
9;3;1;2;17
13;18;1;2;13
3;8;1;2;55
4;2;1;2;15
16;9;1;2;24
17;16;1;2;67
18;13;1;2;60
4;10;1;2;22
19;6;1;2;71
15;17;1;2;81
1;5;1;2;23
18;9;1;2;60
11;11;1;2;79
18;14;1;2;32
5;9;1;2;20
9;17;1;2;56
8;6;1;2;40
20;10;1;2;61
2;20;1;2;7
5;14;1;2;43
7;6;1;2;39
2;3;1;2;27
15;5;1;2;37
14;14;1;2;11
7;18;1;2;11
19;18;1;2;60
7;17;1;2;5
20;16;1;2;94
1;9;1;2;73
20;14;1;2;79
3;12;1;2;24
14;13;1;2;79
13;19;1;2;55
3;13;1;2;9
14;11;1;2;58
17;9;1;2;76
17;8;1;2;32
3;7;1;2;40
9;7;1;2;68
3;7;1;2;41
14;1;1;2;44
10;7;1;2;49
9;19;1;2;67
5;1;1;2;31
6;6;1;2;21
4;3;1;2;10
12;11;1;2;57
17;5;1;2;55
17;14;1;2;61
5;8;1;2;39
19;1;1;2;32
15;10;1;2;78
4;11;1;2;56
4;15;1;2;9
15;12;1;2;94
17;15;1;2;28
19;7;1;2;19
8;3;1;2;75
3;11;1;2;88
16;7;1;2;35

1;1;18;20
2;1;9;41
3;1;10;62
4;1;13;115
5;1;15;136
6;1;16;168
7;1;18;189
8;1;14;210
9;1;12;231
10;1;5;252
11;1;18;273
12;1;2;294
13;1;2;315
14;1;18;336
15;1;20;357
16;1;2;378
17;1;18;399
18;1;6;420
19;1;8;503
20;1;13;525
21;1;5;587
22;1;20;933
23;1;11;954
24;1;7;975
25;1;1;996
26;1;3;1045
27;1;20;1242
28;1;11;1263
29;1;14;1284
30;1;14;1305
31;1;11;1326
32;1;11;1345
33;1;15;1366
34;1;2;1387
35;1;17;1461
36;1;1;1482
37;1;12;1486
38;1;14;1514
39;1;2;1556
40;1;1;1559
*** EOF ***