**** 20 ****
100
2;18;1;2;98
16;18;1;2;95
1;14;1;2;13
2;13;1;2;65
5;4;1;2;56
6;15;1;2;44
18;16;1;2;24
5;16;1;2;29
6;5;1;2;66
15;17;1;2;55
18;10;1;2;85
9;5;1;2;54
16;5;1;2;7
10;6;1;2;19
15;3;1;2;42
3;20;1;2;49
8;17;1;2;76
4;1;1;2;91
6;6;1;2;28
12;12;1;2;24
20;2;1;2;93
5;2;1;2;69
19;9;1;2;85
18;18;1;2;22
17;5;1;2;24
20;7;1;2;44
1;6;1;2;72
17;2;1;2;25
20;7;1;2;30
8;10;1;2;54
4;9;1;2;27
9;5;1;2;0
10;15;1;2;68
15;12;1;2;98
18;9;1;2;2
14;20;1;2;40
18;12;1;2;6
11;8;1;2;27
16;7;1;2;85
18;7;1;2;94
4;2;1;2;15
3;3;1;2;79
15;12;1;2;94
4;19;1;2;65
14;8;1;2;65
16;1;1;2;36
8;11;1;2;27
6;1;1;2;14
5;8;1;2;93
10;17;1;2;91
17;13;1;2;32
12;15;1;2;66
11;2;1;2;10
17;5;1;2;48
15;10;1;2;55
12;17;1;2;7
9;4;1;2;97
16;2;1;2;49
3;6;1;2;36
8;16;1;2;45
19;4;1;2;77
3;15;1;2;63
2;17;1;2;4
12;14;1;2;20
12;20;1;2;61
7;11;1;2;77
6;19;1;2;13
4;7;1;2;74
13;1;1;2;39
2;20;1;2;46
19;10;1;2;89
8;4;1;2;35
3;5;1;2;12
20;8;1;2;17
20;19;1;2;16
14;17;1;2;78
11;3;1;2;89
4;6;1;2;27
18;10;1;2;7
10;3;1;2;78
16;13;1;2;27
18;20;1;2;42
13;3;1;2;87
17;2;1;2;74
6;13;1;2;53
14;6;1;2;29
13;9;1;2;63
2;12;1;2;48
1;2;1;2;90
20;3;1;2;24
18;10;1;2;97
17;7;1;2;88
19;12;1;2;62
6;20;1;2;75
13;6;1;2;48
18;19;1;2;45
7;3;1;2;93
3;16;1;2;57
3;16;1;2;10
13;15;1;2;92

1;1;7;12
2;1;8;21
3;1;9;133
4;1;11;287
5;1;16;319
6;1;2;340
7;1;11;348
8;1;19;383
9;1;4;404
10;1;18;425
11;1;11;446
12;1;8;486
13;1;4;534
14;1;19;568
15;1;2;668
16;1;6;689
17;1;19;746
18;1;11;787
19;1;3;808
20;1;7;872
21;1;14;893
22;1;14;914
23;1;7;935
24;1;20;956
25;1;7;1014
26;1;3;1035
27;1;8;1055
28;1;2;1076
29;1;4;1254
30;1;1;1264
31;1;19;1306
32;1;8;1327
33;1;20;1340
34;1;15;1361
35;1;1;1402
36;1;5;1410
37;1;12;1438
38;1;12;1494
39;1;17;1515
40;1;19;1536
*** EOF ***