**** 99 ****
100
23;47;1;2;686
12;5;1;2;2920
14;21;1;2;1850
3;4;1;2;488
23;10;1;2;320
5;30;1;2;592
34;14;1;2;2148
50;47;1;2;1862
23;22;1;2;2444
27;22;1;2;1583
20;46;1;2;1281
8;7;1;2;537
28;21;1;2;7
31;23;1;2;460
21;48;1;2;1620
43;4;1;2;751
35;38;1;2;116
35;39;1;2;813
47;13;1;2;1136
43;40;1;2;207
26;11;1;2;2202
7;18;1;2;2659
46;47;1;2;1231
3;29;1;2;0
14;50;1;2;1204
34;42;1;2;1008
37;27;1;2;997
4;11;1;2;2785
19;10;1;2;2497
5;2;1;2;2138
13;30;1;2;1398
17;36;1;2;1667
26;32;1;2;2866
9;36;1;2;844
17;49;1;2;2443
21;34;1;2;2335
31;21;1;2;1463
28;26;1;2;1975
15;44;1;2;86
15;48;1;2;888
3;12;1;2;667
4;29;1;2;704
21;6;1;2;1537
37;15;1;2;173
34;33;1;2;423
27;5;1;2;909
14;36;1;2;2381
29;15;1;2;1956
7;30;1;2;799
43;44;1;2;398
33;48;1;2;610
50;1;1;2;1340
7;22;1;2;1895
46;10;1;2;1211
21;43;1;2;2293
45;22;1;2;698
6;37;1;2;785
37;16;1;2;199
43;22;1;2;2430
44;14;1;2;975
42;47;1;2;973
4;48;1;2;1173
44;6;1;2;596
42;4;1;2;1756
3;24;1;2;200
49;20;1;2;1021
49;25;1;2;1258
34;13;1;2;2725
35;5;1;2;1398
18;50;1;2;11
43;42;1;2;509
18;47;1;2;559
42;41;1;2;1216
40;32;1;2;1371
48;36;1;2;845
49;34;1;2;1116
22;32;1;2;2743
32;17;1;2;2105
7;2;1;2;1160
7;21;1;2;1761
19;13;1;2;252
30;33;1;2;1651
41;26;1;2;241
10;15;1;2;1974
31;15;1;2;1709
28;13;1;2;2445
45;36;1;2;1526
38;20;1;2;795
43;26;1;2;2746
5;35;1;2;2218
17;3;1;2;2482
21;34;1;2;1864
22;27;1;2;1889
15;38;1;2;506
41;18;1;2;2470
3;48;1;2;2334
48;42;1;2;1119
26;31;1;2;788
21;25;1;2;1066
19;30;1;2;350

1;1;24;53
2;1;50;92
3;1;44;188
4;1;46;253
5;1;15;304
6;1;28;355
7;1;47;406
8;1;45;457
9;1;38;508
10;1;3;559
11;1;7;717
12;1;33;918
13;1;17;969
14;1;7;1020
15;1;3;1071
16;1;29;1122
17;1;13;1173
18;1;27;1217
19;1;10;1469
20;1;15;1502
21;1;2;1779
22;1;32;1947
23;1;20;2009
24;1;48;2244
25;1;19;2295
26;1;47;2346
27;1;46;2397
28;1;16;2448
29;1;26;2499
30;1;5;2588
31;1;40;2874
32;1;23;2936
33;1;25;2972
34;1;21;3023
35;1;32;3141
36;1;13;3277
37;1;10;3367
38;1;27;3414
39;1;11;3448
40;1;45;3470
41;1;1;3618
42;1;1;3625
43;1;5;3662
44;1;22;3757
45;1;50;3799
46;1;50;3850
47;1;48;3901
48;1;26;3952
49;1;1;4003
50;1;50;4054
*** EOF ***