**** 24 ****
100
18;14;1;2;23
11;13;1;2;29
1;1;1;2;39
5;5;1;2;97
8;7;1;2;69
10;14;1;2;35
2;3;1;2;71
17;6;1;2;42
8;3;1;2;50
10;15;1;2;41
1;12;1;2;87
4;3;1;2;79
5;15;1;2;59
5;19;1;2;75
14;6;1;2;22
3;15;1;2;95
10;9;1;2;69
13;5;1;2;55
15;4;1;2;29
18;5;1;2;63
11;6;1;2;55
18;1;1;2;49
17;18;1;2;43
16;14;1;2;53
12;7;1;2;99
6;1;1;2;5
13;2;1;2;25
14;15;1;2;90
9;1;1;2;5
11;18;1;2;50
14;9;1;2;15
1;18;1;2;75
10;15;1;2;12
5;2;1;2;65
11;5;1;2;83
2;2;1;2;35
19;14;1;2;57
5;20;1;2;71
15;20;1;2;23
20;10;1;2;13
2;16;1;2;33
17;16;1;2;70
5;18;1;2;56
9;14;1;2;98
7;4;1;2;22
2;5;1;2;4
18;4;1;2;89
15;20;1;2;0
18;14;1;2;40
13;5;1;2;89
6;7;1;2;64
19;15;1;2;72
10;19;1;2;61
6;20;1;2;74
16;6;1;2;70
11;19;1;2;46
15;16;1;2;61
16;2;1;2;40
9;11;1;2;25
9;4;1;2;22
18;9;1;2;28
15;8;1;2;14
7;9;1;2;5
8;6;1;2;64
14;2;1;2;61
16;12;1;2;79
15;18;1;2;55
8;5;1;2;48
9;13;1;2;79
6;1;1;2;22
8;11;1;2;42
8;5;1;2;21
15;3;1;2;81
20;2;1;2;27
4;7;1;2;60
5;3;1;2;3
16;9;1;2;60
3;16;1;2;76
12;16;1;2;1
3;2;1;2;73
5;1;1;2;83
19;1;1;2;99
1;15;1;2;41
2;14;1;2;22
1;9;1;2;21
1;5;1;2;3
4;20;1;2;23
16;3;1;2;38
5;6;1;2;46
6;8;1;2;19
19;4;1;2;79
15;14;1;2;11
14;14;1;2;25
16;8;1;2;30
10;20;1;2;38
11;1;1;2;14
6;16;1;2;34
9;4;1;2;8
20;8;1;2;85
6;5;1;2;92

1;1;8;12
2;1;15;33
3;1;17;54
4;1;10;75
5;1;4;96
6;1;1;117
7;1;7;138
8;1;12;159
9;1;11;180
10;1;18;201
11;1;14;222
12;1;7;243
13;1;20;264
14;1;3;285
15;1;15;306
16;1;8;327
17;1;11;348
18;1;3;369
19;1;11;390
20;1;5;411
21;1;16;432
22;1;3;453
23;1;2;474
24;1;3;495
25;1;10;516
26;1;5;537
27;1;8;558
28;1;20;579
29;1;8;600
30;1;1;621
31;1;5;642
32;1;15;663
33;1;19;684
34;1;19;705
35;1;14;726
36;1;7;747
37;1;6;768
38;1;1;789
39;1;11;810
40;1;20;831
*** EOF ***