**** 30 ****
100
2;2;1;2;70
8;7;1;2;0
11;18;1;2;82
1;10;1;2;76
3;1;1;2;52
10;11;1;2;4
8;7;1;2;99
20;10;1;2;93
5;17;1;2;99
8;11;1;2;35
13;12;1;2;29
3;12;1;2;35
17;2;1;2;52
11;14;1;2;94
7;8;1;2;66
11;17;1;2;96
15;16;1;2;63
6;7;1;2;64
20;12;1;2;81
11;19;1;2;23
18;3;1;2;95
19;17;1;2;26
15;5;1;2;99
19;16;1;2;85
5;2;1;2;52
12;5;1;2;1
20;11;1;2;68
15;9;1;2;75
20;20;1;2;86
13;10;1;2;76
16;7;1;2;58
3;6;1;2;6
9;12;1;2;71
1;2;1;2;86
6;7;1;2;79
18;10;1;2;3
11;9;1;2;66
20;4;1;2;14
15;15;1;2;93
13;19;1;2;2
9;14;1;2;80
19;9;1;2;5
5;17;1;2;68
8;9;1;2;70
6;14;1;2;8
6;4;1;2;49
1;14;1;2;37
7;5;1;2;92
1;19;1;2;78
6;3;1;2;76
8;11;1;2;62
1;1;1;2;30
6;18;1;2;58
7;5;1;2;47
9;3;1;2;80
17;8;1;2;63
6;20;1;2;49
15;19;1;2;53
20;11;1;2;4
18;17;1;2;38
15;16;1;2;29
9;16;1;2;41
19;14;1;2;78
17;20;1;2;63
4;8;1;2;37
17;16;1;2;76
12;13;1;2;35
1;19;1;2;85
7;18;1;2;36
3;8;1;2;84
1;14;1;2;31
2;2;1;2;7
4;20;1;2;72
2;8;1;2;91
17;12;1;2;90
14;8;1;2;77
10;19;1;2;49
18;12;1;2;99
3;10;1;2;17
11;4;1;2;36
7;4;1;2;29
19;18;1;2;62
18;1;1;2;13
10;14;1;2;40
13;3;1;2;91
3;8;1;2;50
20;18;1;2;81
1;7;1;2;84
20;1;1;2;13
9;4;1;2;76
17;10;1;2;11
18;20;1;2;48
20;17;1;2;80
13;6;1;2;34
6;18;1;2;28
9;12;1;2;95
20;3;1;2;64
13;3;1;2;70
17;15;1;2;3
10;15;1;2;46

1;1;10;7
2;1;18;28
3;1;20;49
4;1;3;70
5;1;18;91
6;1;8;112
7;1;14;133
8;1;8;154
9;1;4;175
10;1;11;196
11;1;9;217
12;1;16;238
13;1;4;259
14;1;4;280
15;1;4;301
16;1;10;322
17;1;12;343
18;1;13;364
19;1;18;385
20;1;18;406
21;1;16;427
22;1;10;448
23;1;17;469
24;1;8;490
25;1;10;511
26;1;9;532
27;1;20;553
28;1;13;574
29;1;14;595
30;1;14;616
31;1;2;637
32;1;10;658
33;1;10;679
34;1;8;700
35;1;4;721
36;1;3;742
37;1;9;763
38;1;4;784
39;1;13;805
40;1;16;826
*** EOF ***