**** 95 ****
100
26;44;1;2;0
47;37;1;2;1352
50;37;1;2;1170
44;45;1;2;2377
34;34;1;2;233
25;45;1;2;2866
29;2;1;2;2013
50;30;1;2;350
27;31;1;2;1498
10;4;1;2;1339
21;31;1;2;1935
22;29;1;2;2823
27;31;1;2;1960
47;24;1;2;2354
24;9;1;2;1038
9;36;1;2;2834
25;16;1;2;2885
40;17;1;2;166
43;46;1;2;1597
43;7;1;2;1802
34;27;1;2;2582
19;49;1;2;2613
43;27;1;2;2293
3;23;1;2;1418
9;49;1;2;178
49;7;1;2;2713
34;34;1;2;2180
21;25;1;2;2297
38;19;1;2;1892
37;11;1;2;1948
41;47;1;2;1726
25;15;1;2;876
38;9;1;2;1102
31;11;1;2;927
1;22;1;2;2727
30;20;1;2;735
45;3;1;2;818
26;26;1;2;45
23;13;1;2;1413
17;1;1;2;1126
17;41;1;2;522
43;15;1;2;1888
20;5;1;2;1697
24;37;1;2;2259
1;38;1;2;2930
28;17;1;2;2100
16;13;1;2;2954
36;38;1;2;2379
31;12;1;2;893
47;30;1;2;445
25;46;1;2;2837
49;41;1;2;2004
37;12;1;2;558
36;35;1;2;1144
46;38;1;2;2533
28;17;1;2;1551
28;32;1;2;1264
35;18;1;2;851
16;50;1;2;315
12;46;1;2;1194
9;22;1;2;142
47;20;1;2;1532
3;9;1;2;945
13;44;1;2;1779
9;41;1;2;18
43;19;1;2;1037
44;48;1;2;2218
8;34;1;2;2437
12;50;1;2;1387
27;13;1;2;1184
21;21;1;2;308
13;17;1;2;2279
47;21;1;2;2987
42;33;1;2;1833
24;42;1;2;723
44;34;1;2;2941
31;29;1;2;2291
2;37;1;2;1374
39;50;1;2;2923
28;26;1;2;2535
15;48;1;2;1008
23;13;1;2;474
2;11;1;2;1347
42;5;1;2;479
25;28;1;2;2720
50;23;1;2;1955
44;4;1;2;2384
35;7;1;2;2270
9;45;1;2;521
35;25;1;2;2396
22;39;1;2;1145
30;13;1;2;2207
7;16;1;2;1818
4;7;1;2;922
33;33;1;2;1651
6;33;1;2;1023
11;26;1;2;428
45;12;1;2;2084
17;20;1;2;2781
38;6;1;2;1257

1;1;2;62
2;1;2;157
3;1;24;256
4;1;39;342
5;1;3;393
6;1;14;410
7;1;14;497
8;1;20;714
9;1;28;890
10;1;30;927
11;1;38;969
12;1;40;1020
13;1;2;1071
14;1;37;1122
15;1;26;1304
16;1;16;1548
17;1;38;1904
18;1;8;1963
19;1;40;2031
20;1;15;2075
21;1;28;2176
22;1;15;2243
23;1;6;2321
24;1;9;2381
25;1;23;2432
26;1;34;2470
27;1;10;2564
28;1;5;2687
29;1;45;2801
30;1;44;2915
31;1;23;2966
32;1;50;3060
33;1;16;3111
34;1;30;3131
35;1;9;3173
36;1;41;3234
37;1;4;3285
38;1;50;3364
39;1;19;3415
40;1;7;3494
41;1;17;3518
42;1;36;3553
43;1;10;3604
44;1;37;3655
45;1;49;3706
46;1;32;3757
47;1;3;3808
48;1;34;3859
49;1;33;3931
50;1;42;3982
*** EOF ***