**** 14 ****
100
1;13;1;2;93
2;17;1;2;43
10;9;1;2;51
15;11;1;2;49
2;10;1;2;65
7;6;1;2;20
16;17;1;2;77
5;18;1;2;21
16;20;1;2;35
1;12;1;2;99
4;13;1;2;71
18;6;1;2;8
13;15;1;2;88
16;1;1;2;58
5;3;1;2;19
10;9;1;2;17
11;16;1;2;33
20;12;1;2;63
1;19;1;2;74
8;11;1;2;58
7;7;1;2;90
19;16;1;2;55
19;8;1;2;1
19;15;1;2;81
9;19;1;2;43
8;20;1;2;23
5;2;1;2;70
11;1;1;2;61
6;13;1;2;72
20;1;1;2;22
18;7;1;2;28
20;17;1;2;83
7;7;1;2;82
8;5;1;2;76
10;13;1;2;66
5;13;1;2;18
1;9;1;2;99
11;19;1;2;92
5;4;1;2;64
17;16;1;2;56
11;13;1;2;15
20;13;1;2;63
3;11;1;2;10
18;19;1;2;46
6;20;1;2;31
13;4;1;2;83
11;16;1;2;23
2;7;1;2;82
14;3;1;2;77
11;11;1;2;32
7;1;1;2;57
2;20;1;2;41
6;15;1;2;91
8;4;1;2;9
6;9;1;2;28
17;13;1;2;44
12;15;1;2;79
16;17;1;2;57
10;10;1;2;91
7;20;1;2;0
12;19;1;2;62
9;20;1;2;53
10;17;1;2;59
1;16;1;2;62
3;2;1;2;91
3;10;1;2;15
7;14;1;2;50
19;1;1;2;46
8;10;1;2;47
12;8;1;2;67
13;19;1;2;65
7;19;1;2;56
13;8;1;2;5
12;9;1;2;72
15;3;1;2;53
18;5;1;2;35
13;4;1;2;48
15;14;1;2;68
1;13;1;2;29
9;4;1;2;56
8;9;1;2;87
5;15;1;2;25
13;19;1;2;13
10;11;1;2;93
3;17;1;2;75
8;6;1;2;91
3;18;1;2;34
11;13;1;2;87
11;5;1;2;60
12;5;1;2;95
1;4;1;2;43
8;20;1;2;70
5;13;1;2;28
10;2;1;2;30
3;16;1;2;86
10;4;1;2;91
14;6;1;2;61
8;9;1;2;45
8;11;1;2;41
20;3;1;2;46

1;1;11;28
2;1;8;54
3;1;3;111
4;1;12;127
5;1;2;221
6;1;2;226
7;1;15;231
8;1;3;248
9;1;7;267
10;1;3;296
11;1;6;325
12;1;5;346
13;1;9;493
14;1;1;632
15;1;16;640
16;1;3;659
17;1;18;716
18;1;6;773
19;1;14;784
20;1;13;829
21;1;17;867
22;1;10;888
23;1;10;939
24;1;14;960
25;1;1;998
26;1;14;1023
27;1;8;1070
28;1;7;1080
29;1;2;1101
30;1;11;1122
31;1;2;1271
32;1;10;1288
33;1;19;1310
34;1;7;1370
35;1;11;1386
36;1;5;1406
37;1;5;1418
38;1;10;1468
39;1;15;1535
40;1;11;1556
*** EOF ***