**** 5 ****
100
20;15;1;2;0
12;9;1;2;34
12;11;1;2;37
13;11;1;2;6
20;1;1;2;39
15;13;1;2;25
5;18;1;2;39
14;13;1;2;6
15;14;1;2;7
9;2;1;2;16
18;1;1;2;2
18;4;1;2;10
4;7;1;2;32
2;20;1;2;23
8;11;1;2;15
20;5;1;2;0
5;1;1;2;17
17;6;1;2;1
3;1;1;2;15
2;9;1;2;36
10;18;1;2;9
4;16;1;2;4
6;11;1;2;23
19;4;1;2;22
2;12;1;2;4
9;11;1;2;21
9;7;1;2;21
18;15;1;2;39
20;10;1;2;19
7;11;1;2;19
15;1;1;2;36
4;4;1;2;23
1;10;1;2;14
4;8;1;2;37
18;1;1;2;20
14;1;1;2;2
15;10;1;2;9
9;7;1;2;23
8;18;1;2;12
7;4;1;2;15
6;19;1;2;15
2;14;1;2;30
6;6;1;2;39
12;9;1;2;18
9;18;1;2;30
10;12;1;2;11
12;6;1;2;0
13;6;1;2;38
17;13;1;2;8
1;11;1;2;11
16;16;1;2;21
3;10;1;2;7
14;7;1;2;12
5;18;1;2;13
4;6;1;2;22
14;7;1;2;13
5;19;1;2;31
17;3;1;2;16
8;11;1;2;9
16;12;1;2;19
19;19;1;2;27
13;14;1;2;28
20;19;1;2;14
4;3;1;2;23
17;18;1;2;20
20;12;1;2;27
5;8;1;2;37
16;17;1;2;19
5;4;1;2;30
14;19;1;2;33
5;9;1;2;3
4;1;1;2;36
12;20;1;2;34
18;4;1;2;29
1;12;1;2;6
2;3;1;2;29
9;20;1;2;37
18;15;1;2;5
17;19;1;2;28
19;4;1;2;18
12;1;1;2;26
8;16;1;2;27
4;8;1;2;18
11;17;1;2;13
12;18;1;2;17
18;19;1;2;11
8;19;1;2;10
17;16;1;2;5
2;4;1;2;35
2;3;1;2;31
12;6;1;2;11
18;13;1;2;26
17;9;1;2;25
8;11;1;2;22
13;2;1;2;39
10;19;1;2;9
2;18;1;2;39
4;14;1;2;14
1;7;1;2;9
17;8;1;2;23

1;1;9;108
2;1;9;133
3;1;1;147
4;1;7;239
5;1;2;355
6;1;7;653
7;1;2;688
8;1;9;744
9;1;7;755
10;1;2;775
11;1;5;1090
12;1;10;1165
13;1;4;1253
14;1;3;1269
15;1;1;1334
16;1;4;1402
17;1;10;1409
18;1;7;1420
19;1;7;1452
20;1;1;1525
*** EOF ***