**** 91 ****
100
41;19;1;2;793
10;12;1;2;1552
22;33;1;2;465
5;16;1;2;2935
40;11;1;2;1592
16;19;1;2;823
31;4;1;2;1735
2;9;1;2;891
41;5;1;2;86
3;27;1;2;2237
50;17;1;2;2257
43;29;1;2;119
47;50;1;2;301
12;6;1;2;2268
47;47;1;2;2379
41;13;1;2;2147
16;43;1;2;1503
1;44;1;2;2961
45;37;1;2;515
31;41;1;2;1943
20;40;1;2;1709
28;34;1;2;287
47;30;1;2;189
50;42;1;2;744
18;40;1;2;2093
47;33;1;2;1705
47;50;1;2;299
50;1;1;2;2395
13;45;1;2;2983
28;27;1;2;1473
21;47;1;2;515
32;26;1;2;548
20;24;1;2;830
11;23;1;2;1473
5;40;1;2;2764
48;39;1;2;296
5;37;1;2;1596
7;36;1;2;2398
2;48;1;2;594
35;27;1;2;2270
10;49;1;2;1368
25;30;1;2;2793
24;1;1;2;1368
6;11;1;2;2690
29;18;1;2;732
43;17;1;2;872
42;24;1;2;2258
40;30;1;2;393
38;33;1;2;1942
34;17;1;2;1068
4;28;1;2;0
25;3;1;2;997
20;28;1;2;798
39;33;1;2;360
31;11;1;2;77
13;5;1;2;2746
37;46;1;2;719
45;35;1;2;648
40;24;1;2;2280
32;7;1;2;2598
50;13;1;2;75
18;37;1;2;1579
16;6;1;2;1306
16;46;1;2;438
26;27;1;2;800
6;41;1;2;1805
2;28;1;2;1452
23;22;1;2;987
21;12;1;2;510
3;45;1;2;617
1;45;1;2;929
28;14;1;2;167
8;31;1;2;1124
16;46;1;2;2170
7;24;1;2;698
7;31;1;2;88
14;34;1;2;1917
19;6;1;2;2091
6;26;1;2;1002
18;30;1;2;1296
37;30;1;2;1042
18;9;1;2;306
35;18;1;2;436
12;34;1;2;2584
34;40;1;2;1109
32;48;1;2;2089
22;14;1;2;2622
42;32;1;2;427
33;39;1;2;2504
37;8;1;2;2133
35;45;1;2;2264
28;14;1;2;2972
36;1;1;2;542
24;12;1;2;1575
10;47;1;2;1566
19;30;1;2;1315
8;1;1;2;2628
32;44;1;2;1661
11;26;1;2;2401
15;12;1;2;2359

1;1;35;526
2;1;44;640
3;1;3;691
4;1;32;868
5;1;34;919
6;1;49;970
7;1;38;1021
8;1;35;1072
9;1;37;1123
10;1;35;1174
11;1;13;1225
12;1;30;1276
13;1;38;1327
14;1;36;1378
15;1;10;1429
16;1;2;1445
17;1;22;1467
18;1;19;1532
19;1;48;1562
20;1;27;1613
21;1;28;1744
22;1;3;1795
23;1;31;1846
24;1;47;1897
25;1;26;1948
26;1;41;1999
27;1;22;2063
28;1;27;2117
29;1;19;2255
30;1;22;2319
31;1;32;2342
32;1;48;2393
33;1;20;2444
34;1;14;2508
35;1;7;2570
36;1;21;2677
37;1;33;2809
38;1;3;2869
39;1;49;3107
40;1;26;3232
41;1;12;3366
42;1;49;3504
43;1;15;3555
44;1;18;3660
45;1;30;3686
46;1;45;3746
47;1;47;3797
48;1;9;3848
49;1;22;3899
50;1;21;3975
*** EOF ***