**** 29 ****
100
5;7;1;2;56
1;6;1;2;30
17;1;1;2;24
6;9;1;2;93
16;3;1;2;97
11;15;1;2;47
16;10;1;2;54
19;1;1;2;7
7;3;1;2;97
18;8;1;2;74
3;4;1;2;20
19;17;1;2;37
1;13;1;2;69
17;18;1;2;49
2;5;1;2;92
11;15;1;2;78
18;3;1;2;27
5;1;1;2;39
4;8;1;2;41
13;17;1;2;41
7;19;1;2;56
19;9;1;2;84
16;1;1;2;48
5;17;1;2;97
15;18;1;2;0
19;8;1;2;16
17;17;1;2;58
4;13;1;2;50
16;9;1;2;89
9;1;1;2;85
2;8;1;2;83
19;6;1;2;43
15;14;1;2;43
4;18;1;2;11
1;4;1;2;40
3;2;1;2;79
11;10;1;2;76
9;6;1;2;40
11;1;1;2;28
1;9;1;2;89
6;11;1;2;48
2;1;1;2;25
5;7;1;2;58
1;10;1;2;68
12;3;1;2;51
5;17;1;2;5
4;7;1;2;54
12;7;1;2;31
13;17;1;2;71
13;17;1;2;72
14;3;1;2;74
2;16;1;2;86
8;12;1;2;92
18;12;1;2;42
6;16;1;2;36
10;20;1;2;72
7;15;1;2;18
1;7;1;2;84
13;11;1;2;72
16;3;1;2;69
8;17;1;2;63
2;10;1;2;38
8;17;1;2;89
13;15;1;2;13
7;12;1;2;20
3;1;1;2;99
15;7;1;2;33
5;20;1;2;51
1;4;1;2;41
13;19;1;2;84
14;19;1;2;72
9;12;1;2;1
7;12;1;2;50
9;4;1;2;76
14;10;1;2;47
14;4;1;2;20
5;18;1;2;46
18;14;1;2;37
2;6;1;2;20
3;18;1;2;71
19;4;1;2;61
3;12;1;2;12
5;11;1;2;15
7;11;1;2;10
15;4;1;2;39
14;9;1;2;42
14;13;1;2;91
13;2;1;2;56
10;3;1;2;21
3;6;1;2;11
6;16;1;2;94
7;19;1;2;37
11;15;1;2;27
19;13;1;2;9
9;7;1;2;92
1;20;1;2;52
3;6;1;2;84
7;10;1;2;78
3;19;1;2;80
5;13;1;2;37

1;1;5;11
2;1;7;32
3;1;19;53
4;1;2;74
5;1;16;95
6;1;2;116
7;1;9;137
8;1;4;158
9;1;7;179
10;1;12;200
11;1;10;221
12;1;1;242
13;1;17;263
14;1;16;284
15;1;4;305
16;1;5;326
17;1;12;347
18;1;13;368
19;1;11;389
20;1;12;410
21;1;5;431
22;1;15;452
23;1;7;473
24;1;15;494
25;1;15;515
26;1;9;536
27;1;12;557
28;1;3;578
29;1;10;599
30;1;19;620
31;1;12;641
32;1;18;662
33;1;16;683
34;1;13;704
35;1;4;725
36;1;9;746
37;1;17;767
38;1;16;788
39;1;13;809
40;1;19;830
*** EOF ***