**** 4 ****
100
19;12;1;2;3
7;7;1;2;16
18;16;1;2;8
6;15;1;2;36
17;4;1;2;32
12;8;1;2;19
5;13;1;2;6
11;10;1;2;18
6;2;1;2;0
7;3;1;2;35
18;13;1;2;27
1;12;1;2;25
17;9;1;2;0
5;6;1;2;14
2;2;1;2;30
6;14;1;2;9
17;10;1;2;13
4;1;1;2;3
14;6;1;2;24
14;4;1;2;18
10;1;1;2;30
9;1;1;2;13
14;9;1;2;22
7;13;1;2;27
1;6;1;2;1
3;3;1;2;34
13;20;1;2;23
6;15;1;2;35
9;8;1;2;12
5;2;1;2;15
3;3;1;2;7
6;11;1;2;39
19;16;1;2;7
13;2;1;2;32
13;15;1;2;29
14;17;1;2;32
20;9;1;2;11
15;7;1;2;5
11;7;1;2;24
15;12;1;2;5
3;6;1;2;39
10;11;1;2;1
10;2;1;2;37
9;14;1;2;18
13;18;1;2;24
3;11;1;2;21
7;10;1;2;1
10;17;1;2;27
7;19;1;2;14
11;13;1;2;25
9;15;1;2;22
8;17;1;2;5
10;18;1;2;26
7;6;1;2;11
17;11;1;2;29
2;13;1;2;39
15;11;1;2;21
16;20;1;2;37
4;6;1;2;35
18;16;1;2;19
15;4;1;2;14
17;4;1;2;2
14;13;1;2;39
20;11;1;2;36
12;19;1;2;26
13;12;1;2;30
4;6;1;2;0
5;2;1;2;19
14;17;1;2;4
1;6;1;2;12
13;20;1;2;15
19;8;1;2;38
1;2;1;2;2
20;13;1;2;32
8;16;1;2;11
15;8;1;2;34
17;12;1;2;20
10;8;1;2;33
1;14;1;2;29
6;6;1;2;14
10;18;1;2;5
5;16;1;2;24
16;8;1;2;5
18;7;1;2;30
3;7;1;2;5
6;1;1;2;33
20;9;1;2;16
12;18;1;2;15
5;11;1;2;20
6;16;1;2;26
12;17;1;2;35
17;1;1;2;23
2;8;1;2;30
19;6;1;2;9
9;20;1;2;35
15;5;1;2;7
20;16;1;2;27
8;8;1;2;17
15;12;1;2;27
16;10;1;2;14

1;1;10;102
2;1;8;133
3;1;1;158
4;1;8;299
5;1;1;380
6;1;1;422
7;1;7;426
8;1;5;513
9;1;8;543
10;1;5;554
11;1;5;618
12;1;1;629
13;1;4;776
14;1;4;833
15;1;1;928
16;1;1;1082
17;1;1;1235
18;1;7;1295
19;1;7;1585
20;1;10;1596
*** EOF ***