**** 3 ****
100
4;5;1;2;17
14;8;1;2;24
3;7;1;2;15
8;3;1;2;23
5;6;1;2;8
1;5;1;2;7
8;4;1;2;31
4;18;1;2;14
3;8;1;2;3
5;10;1;2;14
20;13;1;2;10
10;18;1;2;17
14;1;1;2;36
1;8;1;2;18
5;12;1;2;15
13;5;1;2;31
12;12;1;2;34
3;7;1;2;23
10;1;1;2;31
13;18;1;2;32
19;9;1;2;5
1;18;1;2;2
10;3;1;2;34
6;4;1;2;2
4;20;1;2;5
19;12;1;2;9
11;15;1;2;13
17;18;1;2;39
1;19;1;2;20
4;3;1;2;17
16;13;1;2;17
13;13;1;2;15
8;2;1;2;9
2;8;1;2;24
16;3;1;2;3
2;14;1;2;26
3;4;1;2;21
16;20;1;2;10
8;12;1;2;0
20;15;1;2;2
9;11;1;2;14
6;3;1;2;38
1;10;1;2;11
3;4;1;2;10
19;19;1;2;13
3;12;1;2;26
1;15;1;2;1
14;10;1;2;12
16;9;1;2;4
16;8;1;2;38
10;16;1;2;20
4;2;1;2;35
14;14;1;2;36
6;16;1;2;19
16;15;1;2;10
1;9;1;2;21
7;1;1;2;15
20;15;1;2;37
13;10;1;2;5
17;18;1;2;5
7;7;1;2;20
20;3;1;2;21
15;16;1;2;15
3;13;1;2;2
15;9;1;2;8
5;9;1;2;28
18;8;1;2;9
6;7;1;2;3
15;19;1;2;4
12;7;1;2;21
17;14;1;2;8
18;13;1;2;2
11;19;1;2;17
18;13;1;2;10
13;7;1;2;30
1;3;1;2;18
10;1;1;2;17
19;18;1;2;4
14;12;1;2;22
18;3;1;2;21
20;20;1;2;14
20;9;1;2;38
2;19;1;2;8
11;9;1;2;0
1;1;1;2;19
3;13;1;2;33
14;2;1;2;25
11;12;1;2;2
15;5;1;2;33
10;15;1;2;28
11;6;1;2;7
17;5;1;2;15
7;6;1;2;25
7;8;1;2;13
7;9;1;2;5
18;3;1;2;18
12;16;1;2;31
9;7;1;2;15
12;13;1;2;19
17;2;1;2;25

1;1;6;72
2;1;7;116
3;1;6;168
4;1;2;176
5;1;2;247
6;1;5;322
7;1;9;335
8;1;2;346
9;1;10;360
10;1;8;485
11;1;5;506
12;1;2;514
13;1;7;808
14;1;5;1036
15;1;10;1163
16;1;9;1242
17;1;8;1264
18;1;4;1435
19;1;4;1481
20;1;4;1589
*** EOF ***