**** 19 ****
100
3;17;1;2;7
19;13;1;2;38
15;17;1;2;0
6;12;1;2;25
17;16;1;2;87
19;2;1;2;74
3;18;1;2;99
18;1;1;2;24
16;5;1;2;43
8;9;1;2;64
14;3;1;2;60
13;1;1;2;4
11;7;1;2;20
11;5;1;2;31
9;1;1;2;78
8;11;1;2;31
2;13;1;2;49
14;3;1;2;21
10;10;1;2;25
14;9;1;2;73
18;3;1;2;7
10;15;1;2;0
14;18;1;2;66
14;20;1;2;70
17;8;1;2;82
15;15;1;2;53
6;9;1;2;65
7;14;1;2;99
8;3;1;2;1
14;16;1;2;29
19;5;1;2;63
7;14;1;2;58
7;19;1;2;7
5;12;1;2;6
8;20;1;2;34
10;6;1;2;80
3;4;1;2;20
1;10;1;2;53
12;10;1;2;8
13;3;1;2;75
3;13;1;2;20
6;11;1;2;5
16;9;1;2;84
3;14;1;2;27
10;13;1;2;19
16;2;1;2;84
8;5;1;2;59
1;17;1;2;41
6;8;1;2;50
14;1;1;2;64
10;15;1;2;8
2;20;1;2;39
7;8;1;2;59
3;10;1;2;84
3;11;1;2;36
2;18;1;2;98
18;18;1;2;74
10;18;1;2;82
11;3;1;2;69
13;17;1;2;41
9;18;1;2;75
17;19;1;2;35
8;17;1;2;34
8;12;1;2;23
4;6;1;2;66
1;19;1;2;43
11;16;1;2;40
5;17;1;2;77
7;19;1;2;12
8;11;1;2;0
10;19;1;2;17
5;8;1;2;87
12;15;1;2;15
6;14;1;2;86
2;18;1;2;31
8;18;1;2;21
3;20;1;2;89
4;4;1;2;45
13;2;1;2;84
5;1;1;2;6
5;10;1;2;77
2;7;1;2;4
1;10;1;2;30
17;8;1;2;64
15;1;1;2;41
19;8;1;2;50
20;10;1;2;89
9;5;1;2;84
15;18;1;2;17
11;2;1;2;9
17;19;1;2;51
14;20;1;2;17
10;13;1;2;98
1;9;1;2;77
5;3;1;2;77
18;1;1;2;16
20;13;1;2;38
1;1;1;2;82
17;7;1;2;31
14;17;1;2;45

1;1;7;25
2;1;5;46
3;1;9;67
4;1;14;88
5;1;16;149
6;1;2;190
7;1;19;228
8;1;13;270
9;1;7;289
10;1;7;339
11;1;1;407
12;1;12;611
13;1;16;632
14;1;15;653
15;1;5;674
16;1;10;695
17;1;14;716
18;1;14;737
19;1;6;758
20;1;20;779
21;1;20;843
22;1;17;890
23;1;7;918
24;1;20;934
25;1;18;955
26;1;8;1011
27;1;14;1028
28;1;1;1049
29;1;11;1070
30;1;1;1106
31;1;5;1237
32;1;2;1270
33;1;2;1291
34;1;14;1371
35;1;9;1397
36;1;20;1411
37;1;14;1432
38;1;3;1546
39;1;17;1587
40;1;2;1608
*** EOF ***