**** 8 ****
100
9;6;1;2;23
2;14;1;2;39
2;7;1;2;1
12;4;1;2;1
19;14;1;2;0
14;18;1;2;25
5;3;1;2;5
12;14;1;2;39
6;12;1;2;29
10;20;1;2;10
16;8;1;2;7
19;1;1;2;20
10;2;1;2;19
4;6;1;2;34
5;4;1;2;27
6;9;1;2;37
3;13;1;2;11
8;16;1;2;36
7;14;1;2;7
8;3;1;2;26
10;10;1;2;25
18;9;1;2;25
10;10;1;2;19
1;13;1;2;4
16;10;1;2;7
15;15;1;2;7
12;17;1;2;19
16;16;1;2;27
12;14;1;2;0
12;2;1;2;14
10;3;1;2;23
16;12;1;2;3
13;14;1;2;33
12;14;1;2;17
16;1;1;2;6
15;16;1;2;0
2;19;1;2;8
14;6;1;2;3
1;18;1;2;17
13;1;1;2;30
7;10;1;2;4
10;17;1;2;36
6;10;1;2;9
19;1;1;2;14
8;17;1;2;15
15;3;1;2;30
7;5;1;2;0
16;10;1;2;26
11;10;1;2;15
8;14;1;2;15
10;20;1;2;4
15;1;1;2;33
11;18;1;2;22
12;16;1;2;14
6;16;1;2;22
1;10;1;2;5
3;8;1;2;1
4;3;1;2;30
2;6;1;2;31
17;13;1;2;4
12;15;1;2;35
8;9;1;2;27
13;11;1;2;25
15;2;1;2;12
10;7;1;2;7
4;8;1;2;8
9;2;1;2;16
10;5;1;2;30
12;18;1;2;15
3;14;1;2;20
19;17;1;2;34
6;17;1;2;14
14;9;1;2;4
19;16;1;2;5
3;17;1;2;31
3;20;1;2;10
11;1;1;2;12
19;10;1;2;28
2;14;1;2;6
9;16;1;2;31
1;7;1;2;0
7;12;1;2;36
1;5;1;2;36
5;15;1;2;23
2;10;1;2;19
6;12;1;2;31
16;14;1;2;31
20;13;1;2;12
1;6;1;2;5
7;6;1;2;33
10;7;1;2;11
10;13;1;2;22
6;6;1;2;39
15;2;1;2;5
18;4;1;2;14
10;9;1;2;25
13;16;1;2;39
4;16;1;2;23
8;8;1;2;0
6;14;1;2;25

1;1;8;28
2;1;4;138
3;1;9;152
4;1;1;213
5;1;3;310
6;1;1;426
7;1;5;562
8;1;7;597
9;1;2;680
10;1;1;683
11;1;7;749
12;1;5;775
13;1;8;951
14;1;5;1020
15;1;8;1099
16;1;6;1125
17;1;9;1217
18;1;2;1236
19;1;5;1298
20;1;5;1400
*** EOF ***