**** 6 ****
100
2;9;1;2;32
18;17;1;2;26
19;8;1;2;21
5;14;1;2;20
13;17;1;2;5
2;9;1;2;37
15;14;1;2;11
2;17;1;2;27
5;3;1;2;20
1;8;1;2;33
14;1;1;2;1
18;10;1;2;38
16;8;1;2;17
18;12;1;2;2
10;16;1;2;39
15;17;1;2;39
12;3;1;2;12
15;16;1;2;1
2;20;1;2;3
14;12;1;2;22
7;17;1;2;14
20;15;1;2;3
10;2;1;2;2
8;19;1;2;33
2;20;1;2;0
13;14;1;2;28
13;17;1;2;22
5;11;1;2;37
6;4;1;2;29
1;9;1;2;0
15;7;1;2;17
9;7;1;2;31
12;8;1;2;4
14;7;1;2;23
19;9;1;2;2
11;1;1;2;28
19;13;1;2;16
1;10;1;2;19
11;7;1;2;22
20;20;1;2;31
20;14;1;2;29
9;3;1;2;35
12;6;1;2;23
17;20;1;2;9
12;10;1;2;37
6;1;1;2;10
14;19;1;2;22
11;12;1;2;23
10;2;1;2;30
4;13;1;2;29
7;4;1;2;34
17;13;1;2;36
4;4;1;2;14
7;20;1;2;33
9;11;1;2;22
18;9;1;2;22
8;2;1;2;13
3;4;1;2;16
6;5;1;2;29
8;9;1;2;1
17;7;1;2;4
12;3;1;2;8
20;7;1;2;12
14;5;1;2;3
19;5;1;2;6
14;3;1;2;14
8;2;1;2;7
1;4;1;2;11
17;10;1;2;27
6;9;1;2;15
19;6;1;2;14
16;9;1;2;36
4;20;1;2;14
8;6;1;2;11
12;16;1;2;35
10;9;1;2;29
16;17;1;2;11
3;9;1;2;34
6;18;1;2;35
14;15;1;2;36
1;14;1;2;33
15;9;1;2;21
4;4;1;2;12
10;12;1;2;29
13;15;1;2;25
1;16;1;2;13
10;11;1;2;1
1;13;1;2;10
8;11;1;2;39
15;4;1;2;13
11;16;1;2;38
4;3;1;2;38
17;6;1;2;22
2;7;1;2;25
11;20;1;2;19
8;20;1;2;26
14;1;1;2;36
15;2;1;2;8
17;1;1;2;10
16;7;1;2;5

1;1;5;64
2;1;9;209
3;1;7;437
4;1;3;679
5;1;8;690
6;1;1;723
7;1;1;734
8;1;4;749
9;1;3;787
10;1;10;806
11;1;7;819
12;1;3;868
13;1;3;925
14;1;10;1134
15;1;9;1302
16;1;10;1326
17;1;7;1362
18;1;2;1373
19;1;3;1394
20;1;4;1559
*** EOF ***