**** 21 ****
100
9;12;1;2;73
16;7;1;2;49
6;10;1;2;41
5;6;1;2;28
15;5;1;2;19
20;11;1;2;78
15;16;1;2;83
16;12;1;2;29
11;15;1;2;86
1;19;1;2;20
18;7;1;2;64
11;15;1;2;70
13;20;1;2;11
6;4;1;2;16
15;11;1;2;73
6;2;1;2;43
4;16;1;2;30
7;12;1;2;13
9;2;1;2;47
15;14;1;2;17
8;11;1;2;4
12;14;1;2;70
14;18;1;2;9
6;3;1;2;65
14;9;1;2;67
19;14;1;2;8
14;10;1;2;83
17;8;1;2;66
10;16;1;2;27
10;3;1;2;93
19;2;1;2;3
3;13;1;2;88
5;18;1;2;45
15;3;1;2;20
12;9;1;2;88
11;7;1;2;74
19;1;1;2;55
14;17;1;2;62
1;18;1;2;30
20;19;1;2;44
13;18;1;2;25
9;12;1;2;37
9;17;1;2;54
15;3;1;2;89
7;6;1;2;57
15;16;1;2;35
9;6;1;2;15
4;19;1;2;83
19;11;1;2;53
9;11;1;2;71
5;15;1;2;60
10;15;1;2;72
7;4;1;2;80
13;10;1;2;94
14;16;1;2;31
11;2;1;2;6
7;3;1;2;83
14;6;1;2;41
10;16;1;2;4
3;16;1;2;46
6;20;1;2;60
7;9;1;2;7
11;7;1;2;70
3;12;1;2;99
17;5;1;2;66
8;8;1;2;7
6;6;1;2;49
9;11;1;2;47
2;20;1;2;62
6;2;1;2;30
4;8;1;2;89
17;6;1;2;70
4;16;1;2;56
14;18;1;2;7
5;6;1;2;64
11;13;1;2;83
18;10;1;2;48
20;18;1;2;78
7;11;1;2;10
1;9;1;2;43
11;12;1;2;50
1;8;1;2;47
3;11;1;2;0
19;16;1;2;51
19;20;1;2;36
3;2;1;2;40
18;12;1;2;69
6;11;1;2;6
16;17;1;2;49
18;9;1;2;97
2;20;1;2;48
4;12;1;2;16
12;14;1;2;58
6;4;1;2;94
18;2;1;2;25
14;16;1;2;67
15;13;1;2;78
16;10;1;2;60
15;18;1;2;56
4;15;1;2;36

1;1;17;6
2;1;2;27
3;1;4;48
4;1;11;69
5;1;8;90
6;1;16;111
7;1;3;132
8;1;13;153
9;1;9;174
10;1;17;195
11;1;7;216
12;1;9;237
13;1;14;258
14;1;2;279
15;1;18;300
16;1;1;321
17;1;8;342
18;1;5;363
19;1;6;384
20;1;15;405
21;1;8;426
22;1;17;447
23;1;14;468
24;1;3;489
25;1;2;510
26;1;2;531
27;1;18;552
28;1;6;573
29;1;2;594
30;1;18;615
31;1;9;636
32;1;8;657
33;1;14;678
34;1;19;699
35;1;19;720
36;1;16;741
37;1;16;762
38;1;20;783
39;1;10;804
40;1;20;825
*** EOF ***