**** 23 ****
100
12;15;1;2;6
5;2;1;2;19
5;17;1;2;79
17;6;1;2;2
17;11;1;2;28
20;15;1;2;70
13;3;1;2;79
11;5;1;2;74
10;3;1;2;60
15;2;1;2;52
9;13;1;2;26
7;9;1;2;27
6;14;1;2;96
17;2;1;2;41
12;18;1;2;84
20;17;1;2;18
3;2;1;2;32
2;4;1;2;88
16;5;1;2;51
8;20;1;2;44
20;20;1;2;48
19;19;1;2;77
6;4;1;2;42
14;13;1;2;43
8;4;1;2;12
12;15;1;2;0
2;17;1;2;61
6;18;1;2;16
7;5;1;2;81
10;13;1;2;20
14;4;1;2;11
2;2;1;2;9
19;20;1;2;85
13;13;1;2;17
8;12;1;2;12
20;3;1;2;46
13;16;1;2;43
6;14;1;2;32
3;20;1;2;37
4;9;1;2;69
16;2;1;2;84
19;3;1;2;6
9;14;1;2;17
6;18;1;2;9
3;6;1;2;33
7;5;1;2;67
13;9;1;2;83
16;15;1;2;16
9;17;1;2;7
18;12;1;2;55
19;19;1;2;8
3;17;1;2;62
1;17;1;2;95
18;2;1;2;53
20;16;1;2;30
13;2;1;2;34
20;7;1;2;75
15;14;1;2;9
3;14;1;2;57
10;11;1;2;0
17;9;1;2;58
5;4;1;2;46
8;4;1;2;23
15;2;1;2;24
20;1;1;2;72
10;13;1;2;25
17;4;1;2;31
12;11;1;2;85
13;13;1;2;18
2;15;1;2;69
2;11;1;2;9
12;16;1;2;72
18;15;1;2;16
1;9;1;2;9
18;9;1;2;9
10;18;1;2;53
7;6;1;2;8
19;17;1;2;58
4;9;1;2;71
14;10;1;2;5
15;3;1;2;67
5;14;1;2;14
9;12;1;2;8
5;4;1;2;49
14;1;1;2;37
15;2;1;2;6
20;1;1;2;92
9;19;1;2;20
7;14;1;2;1
10;7;1;2;90
7;2;1;2;93
15;18;1;2;18
9;6;1;2;61
10;3;1;2;45
19;8;1;2;97
8;3;1;2;91
6;14;1;2;51
18;2;1;2;9
11;1;1;2;54
12;10;1;2;0

1;1;20;8
2;1;3;29
3;1;19;50
4;1;17;71
5;1;11;92
6;1;2;113
7;1;11;134
8;1;17;155
9;1;2;176
10;1;7;197
11;1;9;218
12;1;7;239
13;1;20;260
14;1;1;281
15;1;11;302
16;1;2;323
17;1;18;344
18;1;20;365
19;1;7;386
20;1;19;407
21;1;11;428
22;1;3;449
23;1;19;470
24;1;12;491
25;1;12;512
26;1;1;533
27;1;8;554
28;1;8;575
29;1;7;596
30;1;4;617
31;1;17;638
32;1;3;659
33;1;19;680
34;1;11;701
35;1;2;722
36;1;14;743
37;1;17;764
38;1;2;785
39;1;6;806
40;1;14;827
*** EOF ***