**** 15 ****
100
20;19;1;2;3
19;6;1;2;88
7;16;1;2;73
4;4;1;2;48
5;17;1;2;57
6;1;1;2;58
9;8;1;2;98
1;2;1;2;99
8;5;1;2;38
17;16;1;2;74
13;7;1;2;4
16;5;1;2;89
4;11;1;2;4
9;14;1;2;39
17;11;1;2;48
14;16;1;2;48
5;4;1;2;8
3;16;1;2;81
14;3;1;2;25
12;11;1;2;0
6;3;1;2;86
10;18;1;2;50
12;13;1;2;32
16;1;1;2;18
8;18;1;2;68
16;3;1;2;3
16;7;1;2;98
16;1;1;2;53
17;15;1;2;67
2;6;1;2;97
14;4;1;2;40
20;5;1;2;49
2;16;1;2;14
7;4;1;2;6
5;3;1;2;23
13;10;1;2;78
8;5;1;2;76
6;13;1;2;17
11;9;1;2;51
18;3;1;2;68
7;8;1;2;43
7;20;1;2;80
9;13;1;2;15
3;19;1;2;10
9;3;1;2;52
5;15;1;2;41
15;2;1;2;78
11;19;1;2;22
8;1;1;2;2
11;18;1;2;44
12;5;1;2;4
7;3;1;2;63
7;11;1;2;75
15;5;1;2;74
5;6;1;2;28
10;2;1;2;3
3;16;1;2;56
13;18;1;2;87
15;18;1;2;47
18;8;1;2;57
14;11;1;2;61
18;18;1;2;55
1;16;1;2;38
9;10;1;2;74
15;7;1;2;19
3;16;1;2;52
18;10;1;2;47
15;3;1;2;85
14;17;1;2;82
13;14;1;2;41
10;8;1;2;84
3;5;1;2;53
19;18;1;2;28
9;6;1;2;30
3;12;1;2;68
15;14;1;2;43
7;12;1;2;4
7;18;1;2;26
4;11;1;2;83
6;15;1;2;28
19;5;1;2;7
15;7;1;2;72
8;17;1;2;41
9;5;1;2;38
11;20;1;2;89
19;14;1;2;74
14;12;1;2;45
18;18;1;2;62
17;1;1;2;64
20;18;1;2;51
20;9;1;2;75
8;3;1;2;53
12;3;1;2;90
13;3;1;2;26
3;5;1;2;85
4;3;1;2;90
18;16;1;2;42
4;5;1;2;39
18;1;1;2;72
15;12;1;2;69

1;1;5;7
2;1;81;109
3;1;36;211
4;1;101;313
5;1;11;415
6;1;32;517
7;1;97;619
8;1;62;721
9;1;76;823
10;1;65;925
11;1;7;1027
12;1;34;1129
13;1;63;1231
14;1;23;1333
15;1;89;1435
16;1;90;1537
17;1;70;1639
18;1;61;1741
19;1;36;1843
20;1;72;1945
*** EOF ***