**** 13 ****
100
11;1;1;2;90
5;19;1;2;24
16;5;1;2;59
16;6;1;2;36
9;6;1;2;0
2;6;1;2;90
6;14;1;2;65
9;10;1;2;75
4;14;1;2;57
12;10;1;2;53
16;20;1;2;6
6;16;1;2;24
10;11;1;2;20
2;19;1;2;45
18;19;1;2;23
11;1;1;2;20
1;6;1;2;74
6;6;1;2;3
13;10;1;2;68
10;13;1;2;37
4;8;1;2;49
2;5;1;2;4
6;14;1;2;87
6;7;1;2;45
4;16;1;2;95
19;6;1;2;15
19;19;1;2;53
5;4;1;2;78
1;9;1;2;19
9;18;1;2;23
19;13;1;2;82
20;14;1;2;86
16;11;1;2;12
3;9;1;2;18
20;12;1;2;94
16;10;1;2;39
3;20;1;2;97
16;5;1;2;33
7;5;1;2;21
18;5;1;2;70
2;15;1;2;83
4;14;1;2;68
11;10;1;2;99
3;4;1;2;99
1;4;1;2;62
7;11;1;2;63
19;13;1;2;22
8;1;1;2;18
1;19;1;2;54
14;16;1;2;51
17;17;1;2;45
20;13;1;2;39
20;3;1;2;88
11;17;1;2;83
10;9;1;2;66
12;16;1;2;88
15;14;1;2;13
10;1;1;2;93
8;14;1;2;63
15;19;1;2;38
6;15;1;2;47
11;6;1;2;19
10;6;1;2;41
10;8;1;2;29
14;18;1;2;97
12;1;1;2;92
13;8;1;2;57
6;17;1;2;90
11;16;1;2;23
14;10;1;2;81
4;7;1;2;88
11;18;1;2;73
10;19;1;2;10
3;1;1;2;98
12;6;1;2;87
10;17;1;2;87
14;1;1;2;14
12;6;1;2;42
14;8;1;2;38
17;13;1;2;59
10;17;1;2;6
10;7;1;2;75
4;17;1;2;5
6;11;1;2;85
4;3;1;2;50
11;12;1;2;19
11;17;1;2;31
17;20;1;2;49
20;13;1;2;16
18;1;1;2;49
9;3;1;2;37
7;12;1;2;23
2;7;1;2;31
20;13;1;2;2
5;16;1;2;16
8;19;1;2;19
19;9;1;2;55
10;5;1;2;35
19;4;1;2;47
8;13;1;2;20

1;1;101;38
2;1;68;140
3;1;37;242
4;1;29;344
5;1;81;446
6;1;38;548
7;1;85;650
8;1;81;752
9;1;52;854
10;1;44;956
11;1;50;1058
12;1;26;1160
13;1;80;1262
14;1;101;1364
15;1;74;1466
16;1;12;1568
17;1;31;1670
18;1;48;1772
19;1;38;1874
20;1;13;1976
*** EOF ***