**** 8 ****
100
107;150;1;2;458
95;79;1;2;862
100;156;1;2;708
197;29;1;2;691
77;93;1;2;304
2;1;1;2;648
6;29;1;2;273
27;54;1;2;86
48;80;1;2;212
127;96;1;2;536
169;154;1;2;37
180;200;1;2;267
194;51;1;2;23
103;199;1;2;251
146;76;1;2;695
2;77;1;2;95
51;35;1;2;675
124;61;1;2;481
162;108;1;2;960
174;186;1;2;807
62;107;1;2;960
51;86;1;2;959
119;31;1;2;762
94;85;1;2;560
97;30;1;2;835
192;184;1;2;864
40;34;1;2;698
67;109;1;2;758
148;70;1;2;618
60;195;1;2;555
67;8;1;2;861
27;58;1;2;698
139;128;1;2;929
101;21;1;2;613
61;69;1;2;795
97;61;1;2;130
113;52;1;2;563
11;118;1;2;423
121;66;1;2;444
91;125;1;2;838
47;192;1;2;845
108;170;1;2;854
7;60;1;2;782
88;160;1;2;354
53;173;1;2;823
48;21;1;2;235
130;133;1;2;686
93;143;1;2;203
68;15;1;2;620
112;106;1;2;897
102;152;1;2;840
147;59;1;2;409
154;17;1;2;269
88;104;1;2;180
42;157;1;2;352
17;156;1;2;972
52;86;1;2;256
90;130;1;2;550
46;150;1;2;965
66;61;1;2;470
163;163;1;2;973
155;61;1;2;983
165;14;1;2;200
186;101;1;2;255
118;95;1;2;763
71;111;1;2;871
195;115;1;2;708
52;4;1;2;189
2;49;1;2;738
119;67;1;2;799
189;181;1;2;913
114;136;1;2;925
98;52;1;2;339
50;37;1;2;991
105;106;1;2;885
21;176;1;2;548
92;123;1;2;862
152;126;1;2;217
141;79;1;2;818
80;198;1;2;284
31;138;1;2;864
144;52;1;2;751
69;149;1;2;0
160;150;1;2;590
104;54;1;2;696
189;74;1;2;23
89;117;1;2;897
103;68;1;2;222
121;161;1;2;901
91;40;1;2;250
175;70;1;2;387
191;165;1;2;990
143;185;1;2;690
97;145;1;2;39
40;200;1;2;645
88;140;1;2;918
111;29;1;2;787
9;131;1;2;606
183;3;1;2;566
36;93;1;2;757

1;1;272;1039
2;1;369;1446
3;1;426;2631
4;1;80;3160
5;1;407;3634
6;1;422;4636
7;1;963;5638
8;1;545;6640
9;1;365;7642
10;1;636;8644
11;1;41;9646
12;1;999;10648
13;1;285;11650
14;1;166;12652
15;1;104;13654
16;1;216;14656
17;1;263;15658
18;1;713;16660
19;1;713;17662
20;1;151;18664
*** EOF ***