**** 6 ****
100
83;56;1;2;733
108;16;1;2;835
78;14;1;2;357
168;90;1;2;851
177;165;1;2;939
98;57;1;2;695
186;81;1;2;345
152;16;1;2;293
140;183;1;2;280
139;124;1;2;630
12;158;1;2;685
97;17;1;2;852
132;46;1;2;665
41;14;1;2;107
45;190;1;2;23
184;39;1;2;879
32;176;1;2;912
177;80;1;2;727
22;19;1;2;710
103;109;1;2;385
85;121;1;2;694
122;169;1;2;111
174;101;1;2;156
191;93;1;2;721
50;137;1;2;862
74;121;1;2;901
105;104;1;2;428
17;80;1;2;907
145;54;1;2;526
7;156;1;2;834
144;192;1;2;906
38;113;1;2;475
101;38;1;2;727
10;180;1;2;0
131;30;1;2;908
194;55;1;2;980
47;111;1;2;283
75;128;1;2;162
183;24;1;2;967
61;30;1;2;922
47;173;1;2;65
154;162;1;2;729
29;63;1;2;118
108;72;1;2;898
79;2;1;2;879
187;147;1;2;85
167;193;1;2;395
2;20;1;2;722
117;2;1;2;497
84;14;1;2;726
7;60;1;2;850
24;13;1;2;564
154;193;1;2;626
72;100;1;2;249
122;131;1;2;802
1;117;1;2;149
86;36;1;2;893
82;37;1;2;112
156;153;1;2;65
54;37;1;2;278
132;195;1;2;938
135;18;1;2;302
99;171;1;2;847
125;195;1;2;946
174;116;1;2;676
128;117;1;2;945
77;154;1;2;380
171;187;1;2;968
35;143;1;2;521
101;148;1;2;709
131;31;1;2;103
69;165;1;2;472
124;63;1;2;195
171;139;1;2;389
69;64;1;2;656
98;192;1;2;524
43;68;1;2;78
175;190;1;2;416
143;25;1;2;910
16;77;1;2;57
77;7;1;2;288
180;28;1;2;804
5;151;1;2;467
200;121;1;2;957
141;141;1;2;821
197;38;1;2;564
74;32;1;2;983
152;6;1;2;973
120;101;1;2;349
31;68;1;2;825
40;145;1;2;31
80;76;1;2;258
85;32;1;2;160
104;31;1;2;232
13;123;1;2;773
34;72;1;2;810
198;145;1;2;642
134;48;1;2;999
107;167;1;2;851
56;197;1;2;719

1;1;278;885
2;1;906;2364
3;1;554;3366
4;1;267;4368
5;1;927;5370
6;1;591;6372
7;1;314;7374
8;1;262;8376
9;1;901;9378
10;1;161;10380
11;1;426;11382
12;1;799;12384
13;1;847;13386
14;1;93;14388
15;1;603;15390
16;1;518;16392
17;1;393;17394
18;1;735;18396
19;1;101;19398
20;1;672;20400
*** EOF ***