**** 7 ****
100
63;48;1;2;158
83;100;1;2;814
82;180;1;2;150
57;172;1;2;256
89;22;1;2;117
90;115;1;2;998
195;125;1;2;437
87;143;1;2;331
4;3;1;2;475
139;196;1;2;948
53;58;1;2;196
11;141;1;2;95
178;174;1;2;427
128;183;1;2;798
184;71;1;2;419
54;113;1;2;485
52;59;1;2;0
89;145;1;2;504
172;100;1;2;259
200;38;1;2;606
148;42;1;2;664
96;5;1;2;356
144;182;1;2;681
123;61;1;2;263
121;196;1;2;686
92;49;1;2;350
178;100;1;2;960
140;140;1;2;904
196;112;1;2;356
55;63;1;2;345
62;10;1;2;987
78;58;1;2;143
186;1;1;2;924
67;123;1;2;184
83;195;1;2;179
169;86;1;2;28
71;15;1;2;79
31;106;1;2;419
87;102;1;2;82
43;108;1;2;544
141;169;1;2;105
128;198;1;2;962
71;183;1;2;914
147;50;1;2;388
131;132;1;2;534
62;52;1;2;772
90;122;1;2;938
122;152;1;2;44
93;38;1;2;297
175;33;1;2;604
71;173;1;2;925
176;52;1;2;922
91;74;1;2;657
157;20;1;2;106
98;102;1;2;589
32;163;1;2;792
156;5;1;2;713
95;126;1;2;16
139;18;1;2;605
36;144;1;2;837
192;14;1;2;409
117;141;1;2;12
40;183;1;2;85
97;140;1;2;256
155;189;1;2;357
96;20;1;2;920
88;128;1;2;324
153;22;1;2;649
121;112;1;2;18
126;99;1;2;161
116;90;1;2;974
77;7;1;2;266
90;198;1;2;649
127;46;1;2;740
184;152;1;2;928
141;47;1;2;99
61;86;1;2;26
185;190;1;2;647
186;110;1;2;358
156;187;1;2;456
117;102;1;2;546
43;179;1;2;904
110;20;1;2;101
111;146;1;2;498
51;129;1;2;849
179;70;1;2;95
78;130;1;2;732
105;67;1;2;121
104;4;1;2;982
63;160;1;2;920
71;28;1;2;422
169;71;1;2;952
73;132;1;2;171
126;42;1;2;516
24;44;1;2;245
25;22;1;2;66
120;51;1;2;195
4;155;1;2;13
77;11;1;2;817
59;73;1;2;976

1;1;600;422
2;1;629;1424
3;1;526;2349
4;1;535;3716
5;1;329;4355
6;1;119;5357
7;1;368;6359
8;1;194;7361
9;1;497;8363
10;1;686;9365
11;1;575;10367
12;1;671;11369
13;1;944;12371
14;1;188;13373
15;1;288;14375
16;1;958;15377
17;1;41;16379
18;1;647;17381
19;1;626;18383
20;1;622;19385
*** EOF ***