**** 10 ****
100
133;150;1;2;918
37;89;1;2;854
20;146;1;2;214
152;43;1;2;289
189;198;1;2;685
164;198;1;2;804
191;14;1;2;170
99;5;1;2;593
116;176;1;2;40
125;180;1;2;709
125;112;1;2;210
195;101;1;2;698
49;72;1;2;444
15;23;1;2;438
105;11;1;2;36
190;174;1;2;633
146;117;1;2;398
68;167;1;2;803
61;83;1;2;330
54;159;1;2;310
163;84;1;2;373
125;30;1;2;873
24;79;1;2;544
68;45;1;2;519
106;149;1;2;881
94;90;1;2;7
127;187;1;2;123
126;55;1;2;489
81;115;1;2;523
163;120;1;2;282
25;34;1;2;717
199;159;1;2;746
24;182;1;2;576
121;49;1;2;421
192;106;1;2;921
73;200;1;2;763
80;78;1;2;749
155;155;1;2;403
197;35;1;2;670
120;150;1;2;941
154;174;1;2;575
23;124;1;2;133
122;100;1;2;666
98;172;1;2;266
71;163;1;2;371
145;35;1;2;722
108;67;1;2;600
9;173;1;2;754
165;169;1;2;341
187;89;1;2;42
128;194;1;2;167
103;17;1;2;443
188;138;1;2;742
54;187;1;2;313
120;58;1;2;27
44;2;1;2;61
118;61;1;2;479
118;69;1;2;52
25;33;1;2;620
118;19;1;2;60
160;147;1;2;0
79;1;1;2;822
122;141;1;2;311
64;194;1;2;697
129;66;1;2;106
156;61;1;2;459
170;178;1;2;871
49;48;1;2;740
53;24;1;2;524
26;141;1;2;543
86;52;1;2;441
92;130;1;2;793
66;52;1;2;733
129;67;1;2;279
179;196;1;2;696
85;151;1;2;356
97;120;1;2;685
168;121;1;2;932
60;173;1;2;907
185;198;1;2;247
80;36;1;2;50
121;79;1;2;780
66;97;1;2;583
200;25;1;2;849
31;3;1;2;244
127;40;1;2;795
35;136;1;2;266
120;55;1;2;786
5;115;1;2;111
112;99;1;2;508
112;178;1;2;95
162;50;1;2;174
94;67;1;2;270
77;18;1;2;694
79;48;1;2;849
123;174;1;2;488
70;160;1;2;423
89;32;1;2;229
75;36;1;2;943
186;99;1;2;793

1;1;152;1050
2;1;75;2052
3;1;992;3054
4;1;883;4056
5;1;833;5058
6;1;166;6060
7;1;689;7062
8;1;906;8064
9;1;187;9066
10;1;673;10068
11;1;790;11070
12;1;553;12072
13;1;990;13074
14;1;301;14076
15;1;859;15078
16;1;436;16080
17;1;593;17082
18;1;915;18084
19;1;159;19086
20;1;634;20088
*** EOF ***