**** 12 ****
100
14;7;1;2;44
1;11;1;2;25
9;3;1;2;44
17;14;1;2;35
16;20;1;2;12
9;6;1;2;73
1;18;1;2;10
11;15;1;2;28
6;20;1;2;4
7;11;1;2;83
16;17;1;2;81
13;17;1;2;32
18;17;1;2;66
15;5;1;2;20
2;20;1;2;11
15;20;1;2;56
20;1;1;2;5
11;3;1;2;19
11;8;1;2;50
15;7;1;2;13
10;2;1;2;29
4;14;1;2;57
8;4;1;2;85
14;18;1;2;9
6;19;1;2;0
17;13;1;2;60
5;5;1;2;32
10;7;1;2;14
2;17;1;2;1
12;3;1;2;99
5;12;1;2;41
6;15;1;2;26
15;2;1;2;29
20;8;1;2;46
9;13;1;2;17
10;10;1;2;49
2;14;1;2;25
14;4;1;2;51
20;17;1;2;59
13;8;1;2;1
13;5;1;2;13
14;2;1;2;79
12;9;1;2;33
2;8;1;2;92
20;9;1;2;24
17;10;1;2;45
19;3;1;2;59
4;16;1;2;74
8;7;1;2;10
7;19;1;2;69
9;11;1;2;65
14;16;1;2;27
5;8;1;2;15
10;9;1;2;14
2;8;1;2;34
7;17;1;2;23
12;15;1;2;45
3;18;1;2;32
9;17;1;2;98
19;4;1;2;97
1;4;1;2;79
6;17;1;2;35
5;13;1;2;94
12;3;1;2;82
19;4;1;2;1
13;10;1;2;17
17;14;1;2;83
14;16;1;2;21
7;5;1;2;37
17;15;1;2;92
14;7;1;2;35
6;5;1;2;83
1;1;1;2;16
15;5;1;2;18
9;3;1;2;33
2;15;1;2;83
12;3;1;2;68
15;9;1;2;95
8;7;1;2;91
18;3;1;2;18
10;9;1;2;44
18;14;1;2;88
1;6;1;2;81
9;20;1;2;85
7;20;1;2;67
1;13;1;2;13
16;4;1;2;48
16;11;1;2;68
11;18;1;2;54
3;7;1;2;56
1;9;1;2;76
17;6;1;2;89
18;18;1;2;34
19;19;1;2;5
4;17;1;2;36
3;9;1;2;29
8;16;1;2;52
8;11;1;2;94
16;2;1;2;72
10;16;1;2;30

1;1;29;14
2;1;6;116
3;1;91;218
4;1;2;320
5;1;34;422
6;1;50;524
7;1;35;626
8;1;31;728
9;1;98;830
10;1;75;932
11;1;20;1034
12;1;50;1136
13;1;43;1238
14;1;95;1340
15;1;26;1442
16;1;30;1544
17;1;34;1646
18;1;29;1748
19;1;86;1850
20;1;54;1952
*** EOF ***