**** 11 ****
100
7;18;1;2;26
15;6;1;2;54
7;6;1;2;2
19;16;1;2;29
10;17;1;2;88
8;3;1;2;76
1;8;1;2;90
6;18;1;2;22
8;14;1;2;53
6;6;1;2;37
13;12;1;2;14
12;18;1;2;59
6;16;1;2;5
20;15;1;2;12
1;16;1;2;48
10;3;1;2;22
18;3;1;2;90
1;20;1;2;79
15;19;1;2;32
8;16;1;2;29
5;9;1;2;0
12;12;1;2;30
11;17;1;2;85
8;8;1;2;31
1;9;1;2;47
1;10;1;2;61
4;7;1;2;96
6;19;1;2;67
5;13;1;2;86
9;12;1;2;1
18;17;1;2;41
10;8;1;2;32
20;10;1;2;80
18;18;1;2;40
9;10;1;2;88
8;2;1;2;17
2;5;1;2;55
18;2;1;2;94
5;18;1;2;58
3;6;1;2;50
17;3;1;2;6
10;5;1;2;45
3;16;1;2;26
15;13;1;2;3
15;14;1;2;44
15;1;1;2;46
12;2;1;2;30
20;11;1;2;44
14;8;1;2;61
12;2;1;2;67
2;18;1;2;41
20;8;1;2;85
17;2;1;2;81
4;8;1;2;65
19;3;1;2;18
4;17;1;2;91
10;1;1;2;44
12;20;1;2;75
16;5;1;2;54
18;8;1;2;15
17;2;1;2;65
18;1;1;2;44
16;10;1;2;85
9;5;1;2;24
14;3;1;2;46
5;18;1;2;95
16;7;1;2;87
20;11;1;2;78
7;6;1;2;62
13;15;1;2;49
9;11;1;2;90
6;1;1;2;43
10;8;1;2;4
7;16;1;2;48
11;1;1;2;82
10;5;1;2;0
17;20;1;2;98
4;12;1;2;8
2;10;1;2;26
16;3;1;2;12
5;3;1;2;83
8;8;1;2;35
11;9;1;2;2
15;15;1;2;69
15;17;1;2;49
17;6;1;2;14
17;2;1;2;5
16;17;1;2;68
16;10;1;2;78
2;5;1;2;40
15;2;1;2;22
10;9;1;2;41
17;19;1;2;89
11;5;1;2;55
20;19;1;2;11
1;15;1;2;57
7;4;1;2;90
5;19;1;2;99
13;6;1;2;8
11;20;1;2;85

1;1;43;6
2;1;16;108
3;1;11;210
4;1;35;312
5;1;59;414
6;1;96;516
7;1;68;618
8;1;92;720
9;1;65;822
10;1;89;924
11;1;46;1026
12;1;50;1128
13;1;64;1230
14;1;56;1332
15;1;49;1434
16;1;19;1536
17;1;1;1638
18;1;63;1740
19;1;4;1842
20;1;28;1944
*** EOF ***