**** 14 ****
100
7;1;1;2;2
13;5;1;2;83
3;4;1;2;73
14;18;1;2;39
18;20;1;2;8
6;13;1;2;59
5;16;1;2;48
1;1;1;2;30
8;15;1;2;82
4;8;1;2;65
9;14;1;2;65
3;18;1;2;9
7;1;1;2;85
12;6;1;2;94
11;4;1;2;33
11;1;1;2;85
11;5;1;2;93
11;17;1;2;53
1;16;1;2;87
16;19;1;2;86
1;19;1;2;72
6;1;1;2;1
7;19;1;2;41
12;10;1;2;47
6;13;1;2;82
12;15;1;2;94
9;5;1;2;38
14;7;1;2;66
8;8;1;2;33
7;15;1;2;91
6;15;1;2;81
10;12;1;2;1
11;10;1;2;92
5;2;1;2;73
4;19;1;2;85
18;2;1;2;40
12;11;1;2;96
2;4;1;2;3
8;3;1;2;42
1;2;1;2;96
4;7;1;2;82
5;16;1;2;13
18;18;1;2;2
10;2;1;2;35
16;5;1;2;6
1;2;1;2;47
13;13;1;2;49
2;14;1;2;5
17;13;1;2;67
19;5;1;2;28
7;20;1;2;26
1;4;1;2;33
6;14;1;2;51
8;15;1;2;72
16;10;1;2;49
14;3;1;2;62
13;7;1;2;7
3;8;1;2;72
8;4;1;2;25
7;14;1;2;0
16;12;1;2;41
14;12;1;2;76
8;17;1;2;9
19;17;1;2;36
3;4;1;2;25
4;17;1;2;19
7;9;1;2;6
6;3;1;2;85
18;10;1;2;61
15;17;1;2;26
17;4;1;2;78
10;17;1;2;1
6;16;1;2;58
8;6;1;2;6
4;1;1;2;29
1;4;1;2;37
1;2;1;2;25
19;7;1;2;48
4;5;1;2;9
5;19;1;2;77
12;7;1;2;80
2;16;1;2;49
3;14;1;2;16
13;13;1;2;82
19;16;1;2;22
20;8;1;2;37
17;20;1;2;39
3;18;1;2;85
3;14;1;2;1
12;10;1;2;12
2;1;1;2;18
2;14;1;2;66
3;17;1;2;31
12;9;1;2;23
14;20;1;2;78
8;19;1;2;77
5;16;1;2;37
4;10;1;2;66
2;4;1;2;99
3;15;1;2;49

1;1;97;14
2;1;60;116
3;1;73;218
4;1;62;320
5;1;81;422
6;1;78;524
7;1;72;626
8;1;4;728
9;1;98;830
10;1;11;932
11;1;37;1034
12;1;77;1136
13;1;51;1238
14;1;24;1340
15;1;47;1442
16;1;15;1544
17;1;63;1646
18;1;50;1748
19;1;98;1850
20;1;10;1952
*** EOF ***