**** 21 ****
100
10;6;1;2;892
20;4;1;2;601
12;17;1;2;894
17;1;1;2;605
5;3;1;2;707
16;18;1;2;1158
7;10;1;2;388
14;8;1;2;303
1;9;1;2;793
15;14;1;2;307
13;3;1;2;393
5;14;1;2;416
18;5;1;2;224
12;14;1;2;424
9;18;1;2;219
17;14;1;2;1196
7;12;1;2;1197
15;6;1;2;185
10;18;1;2;305
15;12;1;2;1030
3;4;1;2;204
16;20;1;2;597
4;17;1;2;574
20;20;1;2;307
4;8;1;2;1164
15;16;1;2;329
12;14;1;2;221
1;8;1;2;246
18;10;1;2;815
16;4;1;2;206
6;6;1;2;201
11;13;1;2;492
20;16;1;2;128
14;15;1;2;707
1;11;1;2;786
18;5;1;2;722
19;8;1;2;1175
20;1;1;2;135
18;10;1;2;304
13;5;1;2;779
11;3;1;2;1165
4;5;1;2;509
16;4;1;2;77
4;18;1;2;443
3;10;1;2;833
10;19;1;2;970
4;18;1;2;497
19;9;1;2;469
6;19;1;2;719
2;3;1;2;1055
2;14;1;2;957
19;17;1;2;133
8;13;1;2;877
5;8;1;2;866
9;3;1;2;407
14;4;1;2;1018
4;7;1;2;627
14;17;1;2;655
3;15;1;2;853
14;16;1;2;1188
10;17;1;2;1161
19;15;1;2;829
13;15;1;2;333
2;19;1;2;1001
20;19;1;2;995
7;5;1;2;398
17;8;1;2;636
4;1;1;2;484
20;16;1;2;78
5;9;1;2;426
13;10;1;2;402
6;9;1;2;1029
16;1;1;2;63
9;14;1;2;333
2;13;1;2;1084
17;11;1;2;748
7;8;1;2;295
15;11;1;2;928
20;2;1;2;715
10;7;1;2;375
16;11;1;2;965
11;9;1;2;193
20;4;1;2;945
15;4;1;2;850
20;18;1;2;422
4;6;1;2;772
12;13;1;2;871
20;19;1;2;642
20;10;1;2;243
15;12;1;2;881
2;7;1;2;992
7;9;1;2;0
12;20;1;2;55
9;6;1;2;170
19;6;1;2;187
13;9;1;2;253
18;13;1;2;1117
9;12;1;2;1015
11;3;1;2;785
15;17;1;2;856

1;1;79;8
2;1;16;110
3;1;52;212
4;1;13;314
5;1;10;416
6;1;88;518
7;1;36;620
8;1;12;722
9;1;28;824
10;1;19;926
11;1;78;1028
12;1;86;1130
13;1;62;1232
14;1;39;1334
15;1;56;1436
16;1;58;1538
17;1;41;1640
18;1;17;1742
19;1;51;1844
20;1;97;1946
21;1;8;2048
22;1;33;2150
23;1;7;2252
24;1;100;2354
25;1;2;2456
26;1;23;2558
27;1;30;2660
28;1;47;2762
29;1;25;2864
30;1;44;2966
31;1;66;3068
32;1;98;3170
33;1;79;3272
34;1;90;3374
35;1;96;3476
36;1;68;3578
37;1;78;3680
38;1;75;3782
39;1;51;3884
40;1;10;3986
41;1;31;4088
42;1;72;4190
43;1;2;4292
44;1;29;4394
45;1;66;4496
46;1;6;4598
47;1;57;4700
48;1;73;4802
49;1;18;4904
50;1;23;5006
*** EOF ***