**** 25 ****
100
12;19;1;2;423
12;5;1;2;1137
12;13;1;2;1123
13;15;1;2;764
7;16;1;2;625
5;16;1;2;43
4;19;1;2;493
1;4;1;2;564
13;13;1;2;1172
20;5;1;2;374
11;9;1;2;372
15;20;1;2;949
12;3;1;2;1021
7;15;1;2;1008
12;14;1;2;375
17;10;1;2;570
12;13;1;2;909
5;5;1;2;84
10;9;1;2;1056
2;8;1;2;93
9;19;1;2;941
13;5;1;2;220
2;8;1;2;582
16;15;1;2;628
4;18;1;2;1081
11;6;1;2;471
1;18;1;2;675
2;2;1;2;1180
6;3;1;2;700
3;17;1;2;488
8;5;1;2;286
9;17;1;2;22
1;11;1;2;129
3;18;1;2;35
3;13;1;2;152
5;3;1;2;258
8;3;1;2;395
3;5;1;2;208
15;2;1;2;1111
16;4;1;2;1027
16;11;1;2;683
2;11;1;2;451
4;11;1;2;81
5;5;1;2;98
1;8;1;2;310
13;4;1;2;1092
3;11;1;2;967
18;5;1;2;491
19;12;1;2;452
10;19;1;2;708
9;14;1;2;150
4;7;1;2;73
15;2;1;2;343
17;18;1;2;1048
7;18;1;2;767
18;3;1;2;230
2;5;1;2;612
9;15;1;2;188
12;13;1;2;491
5;14;1;2;1021
5;14;1;2;714
7;17;1;2;912
20;11;1;2;85
4;19;1;2;763
4;6;1;2;580
11;15;1;2;42
13;16;1;2;959
17;17;1;2;973
5;8;1;2;645
17;4;1;2;238
10;8;1;2;1131
5;7;1;2;759
9;6;1;2;69
15;1;1;2;200
10;4;1;2;897
10;6;1;2;423
5;10;1;2;1070
4;6;1;2;206
17;11;1;2;226
14;19;1;2;29
12;8;1;2;1029
15;4;1;2;975
14;5;1;2;292
15;19;1;2;173
15;8;1;2;1168
4;9;1;2;94
7;5;1;2;635
18;20;1;2;301
16;16;1;2;1183
2;1;1;2;1021
4;12;1;2;340
13;6;1;2;1056
20;19;1;2;480
12;6;1;2;250
5;12;1;2;1129
14;16;1;2;97
20;14;1;2;654
15;3;1;2;653
16;19;1;2;221
19;12;1;2;0

1;1;19;13
2;1;43;55
3;1;67;157
4;1;72;259
5;1;88;361
6;1;29;463
7;1;4;565
8;1;77;667
9;1;6;769
10;1;72;871
11;1;15;973
12;1;30;1075
13;1;35;1177
14;1;88;1279
15;1;67;1381
16;1;52;1483
17;1;46;1585
18;1;65;1687
19;1;76;1789
20;1;22;1891
21;1;57;1993
22;1;13;2095
23;1;2;2197
24;1;65;2299
25;1;22;2401
26;1;50;2503
27;1;52;2605
28;1;44;2707
29;1;85;2809
30;1;45;2911
31;1;26;3013
32;1;37;3115
33;1;91;3217
34;1;18;3319
35;1;78;3421
36;1;9;3523
37;1;61;3625
38;1;3;3727
39;1;12;3829
40;1;57;3931
41;1;41;4033
42;1;82;4135
43;1;101;4237
44;1;75;4339
45;1;85;4441
46;1;87;4543
47;1;31;4645
48;1;11;4747
49;1;91;4849
50;1;88;4951
*** EOF ***