**** 9 ****
100
78;29;1;2;575
90;164;1;2;458
197;74;1;2;583
102;145;1;2;424
77;152;1;2;195
139;65;1;2;137
192;96;1;2;742
158;147;1;2;695
148;90;1;2;517
143;102;1;2;530
126;131;1;2;110
53;173;1;2;425
111;169;1;2;498
46;22;1;2;994
71;98;1;2;946
18;36;1;2;562
155;27;1;2;857
50;136;1;2;0
145;83;1;2;693
62;177;1;2;746
144;54;1;2;629
7;106;1;2;753
184;168;1;2;873
83;14;1;2;894
29;36;1;2;191
127;53;1;2;578
89;160;1;2;756
99;9;1;2;491
103;105;1;2;525
148;119;1;2;902
46;14;1;2;755
27;20;1;2;13
180;4;1;2;780
5;38;1;2;993
99;18;1;2;428
42;97;1;2;633
20;185;1;2;392
176;35;1;2;152
19;89;1;2;256
145;36;1;2;926
199;34;1;2;340
106;12;1;2;311
119;144;1;2;266
52;148;1;2;55
45;47;1;2;673
26;88;1;2;121
11;60;1;2;905
3;187;1;2;292
107;6;1;2;580
115;102;1;2;168
42;52;1;2;801
134;157;1;2;812
45;28;1;2;307
112;79;1;2;455
167;75;1;2;501
192;52;1;2;340
113;62;1;2;199
171;16;1;2;538
63;122;1;2;143
43;189;1;2;596
11;30;1;2;447
164;115;1;2;803
129;159;1;2;382
36;70;1;2;260
91;189;1;2;135
144;180;1;2;138
85;45;1;2;200
36;15;1;2;767
126;29;1;2;289
69;71;1;2;429
17;34;1;2;410
64;197;1;2;924
20;125;1;2;282
2;161;1;2;104
63;3;1;2;92
150;147;1;2;623
88;183;1;2;467
40;170;1;2;233
8;96;1;2;861
49;116;1;2;284
78;133;1;2;317
88;148;1;2;113
164;167;1;2;190
46;169;1;2;502
102;183;1;2;856
194;132;1;2;402
170;171;1;2;536
189;163;1;2;458
23;122;1;2;705
36;170;1;2;420
120;199;1;2;904
189;38;1;2;252
103;1;1;2;618
45;46;1;2;738
147;148;1;2;520
3;93;1;2;803
158;14;1;2;374
46;3;1;2;488
104;177;1;2;209
161;12;1;2;178

1;1;630;181
2;1;490;1183
3;1;674;2185
4;1;606;3187
5;1;925;4189
6;1;851;5191
7;1;98;6298
8;1;603;6846
9;1;430;7848
10;1;524;8850
11;1;646;9852
12;1;465;10854
13;1;867;11856
14;1;25;12858
15;1;85;13860
16;1;103;14862
17;1;431;15864
18;1;839;16866
19;1;816;17868
20;1;397;18870
*** EOF ***