**** 24 ****
100
7;16;1;2;1595
8;11;1;2;774
5;3;1;2;258
8;16;1;2;811
19;7;1;2;702
14;7;1;2;773
18;15;1;2;445
17;2;1;2;205
17;16;1;2;1312
17;18;1;2;1815
10;17;1;2;327
8;16;1;2;1697
15;20;1;2;1365
16;20;1;2;825
8;18;1;2;965
9;3;1;2;1001
11;13;1;2;684
18;1;1;2;393
13;18;1;2;1676
12;6;1;2;692
8;15;1;2;1578
3;15;1;2;803
8;1;1;2;1841
8;16;1;2;767
4;4;1;2;790
9;4;1;2;1028
9;7;1;2;1398
7;4;1;2;826
18;8;1;2;1872
4;19;1;2;527
20;18;1;2;1621
4;12;1;2;1059
3;12;1;2;1516
2;19;1;2;1360
11;14;1;2;1392
10;3;1;2;449
12;3;1;2;1180
13;9;1;2;241
7;18;1;2;1663
10;1;1;2;1033
10;13;1;2;200
17;16;1;2;1382
17;19;1;2;584
18;12;1;2;1084
7;14;1;2;1796
10;4;1;2;1807
17;15;1;2;206
10;19;1;2;1503
18;18;1;2;388
14;19;1;2;450
20;9;1;2;469
3;5;1;2;134
10;13;1;2;271
8;11;1;2;809
5;9;1;2;638
7;10;1;2;549
11;7;1;2;1594
9;8;1;2;1358
7;18;1;2;690
2;3;1;2;1486
9;2;1;2;448
17;16;1;2;1134
12;6;1;2;790
5;13;1;2;943
9;9;1;2;1041
18;15;1;2;611
11;17;1;2;0
17;17;1;2;637
2;15;1;2;624
16;8;1;2;1716
9;17;1;2;1156
1;13;1;2;1033
10;16;1;2;853
11;20;1;2;1200
2;20;1;2;1268
13;9;1;2;942
13;19;1;2;162
12;16;1;2;1025
10;9;1;2;1266
17;17;1;2;1263
6;17;1;2;1477
16;9;1;2;489
13;18;1;2;334
8;8;1;2;1295
15;1;1;2;379
2;5;1;2;125
16;10;1;2;1096
19;13;1;2;1095
18;14;1;2;1468
11;10;1;2;1029
12;15;1;2;1276
1;2;1;2;745
2;6;1;2;581
10;13;1;2;1600
9;19;1;2;941
19;13;1;2;1548
6;8;1;2;253
3;6;1;2;914
7;15;1;2;378
7;6;1;2;1170

1;1;7;7
2;1;20;49
3;1;10;70
4;1;19;123
5;1;6;160
6;1;18;181
7;1;6;243
8;1;20;262
9;1;11;288
10;1;3;309
11;1;16;330
12;1;9;351
13;1;9;374
14;1;7;434
15;1;13;462
16;1;9;483
17;1;14;504
18;1;11;525
19;1;20;546
20;1;2;567
21;1;4;588
22;1;9;596
23;1;4;608
24;1;16;631
25;1;9;648
26;1;18;686
27;1;5;714
28;1;9;740
29;1;12;761
30;1;4;794
31;1;2;898
32;1;4;967
33;1;3;1027
34;1;3;1037
35;1;14;1058
36;1;2;1075
37;1;13;1096
38;1;10;1117
39;1;1;1135
40;1;15;1149
41;1;14;1170
42;1;14;1253
43;1;14;1311
44;1;15;1332
45;1;14;1358
46;1;2;1403
47;1;11;1497
48;1;4;1518
49;1;19;1539
50;1;20;1560
*** EOF ***