**** 12 ****
100
11;15;1;2;1403
11;17;1;2;746
2;5;1;2;1112
8;8;1;2;1646
13;1;1;2;1343
9;12;1;2;896
5;7;1;2;1079
12;10;1;2;714
13;11;1;2;908
11;6;1;2;485
13;16;1;2;445
2;7;1;2;1074
4;8;1;2;1085
8;7;1;2;1555
6;12;1;2;327
5;20;1;2;238
9;16;1;2;1297
18;7;1;2;1677
14;19;1;2;1608
9;1;1;2;1877
13;6;1;2;0
19;19;1;2;1385
13;2;1;2;1514
4;1;1;2;1002
11;6;1;2;1838
2;2;1;2;1301
12;11;1;2;217
12;20;1;2;520
2;14;1;2;131
5;14;1;2;873
2;6;1;2;933
18;4;1;2;1703
20;9;1;2;151
9;12;1;2;1191
17;14;1;2;778
8;7;1;2;267
18;18;1;2;543
16;2;1;2;808
20;3;1;2;1775
2;19;1;2;550
17;20;1;2;1434
17;17;1;2;1080
7;16;1;2;564
18;17;1;2;971
1;5;1;2;65
9;13;1;2;76
11;2;1;2;1240
14;17;1;2;1090
5;16;1;2;1279
13;10;1;2;1527
3;18;1;2;1821
10;15;1;2;274
20;13;1;2;182
3;11;1;2;1160
17;11;1;2;420
16;12;1;2;1712
2;2;1;2;622
18;7;1;2;1183
14;12;1;2;135
5;16;1;2;1401
14;18;1;2;175
14;19;1;2;1191
3;19;1;2;449
20;1;1;2;14
4;9;1;2;1065
1;4;1;2;613
14;6;1;2;791
17;3;1;2;277
8;8;1;2;1781
14;12;1;2;1387
2;5;1;2;1521
15;11;1;2;1766
6;13;1;2;1264
9;4;1;2;616
3;8;1;2;781
19;20;1;2;1836
6;14;1;2;32
6;2;1;2;447
12;9;1;2;358
2;14;1;2;1055
7;15;1;2;241
1;1;1;2;1673
14;18;1;2;1787
17;7;1;2;803
12;1;1;2;1757
15;19;1;2;1291
2;16;1;2;1130
5;1;1;2;1884
3;12;1;2;958
16;13;1;2;377
4;11;1;2;1565
5;12;1;2;897
20;5;1;2;1463
16;2;1;2;1825
19;13;1;2;108
17;8;1;2;1191
6;1;1;2;1873
1;5;1;2;1068
16;7;1;2;955
20;14;1;2;1425

1;1;16;8
2;1;19;29
3;1;15;50
4;1;4;71
5;1;17;92
6;1;20;113
7;1;3;134
8;1;3;155
9;1;11;176
10;1;12;197
11;1;16;218
12;1;14;239
13;1;8;260
14;1;4;281
15;1;14;302
16;1;14;323
17;1;3;344
18;1;11;365
19;1;7;386
20;1;18;407
*** EOF ***