**** 11 ****
100
17;4;1;2;915
15;20;1;2;1238
9;17;1;2;26
18;5;1;2;472
10;9;1;2;1601
20;20;1;2;1285
15;15;1;2;1132
14;18;1;2;1722
4;3;1;2;1367
5;7;1;2;329
11;15;1;2;453
9;9;1;2;1311
7;10;1;2;356
10;19;1;2;545
13;20;1;2;332
12;19;1;2;1237
11;6;1;2;1778
12;11;1;2;1375
7;14;1;2;446
13;19;1;2;470
5;1;1;2;1548
5;9;1;2;1046
3;16;1;2;641
18;17;1;2;615
17;1;1;2;1770
17;4;1;2;925
15;15;1;2;134
20;18;1;2;324
2;4;1;2;1711
19;17;1;2;1630
13;13;1;2;1869
2;9;1;2;1444
12;12;1;2;1592
18;9;1;2;451
15;18;1;2;382
2;6;1;2;1097
16;20;1;2;92
7;12;1;2;400
9;13;1;2;1855
4;3;1;2;120
9;8;1;2;1239
14;1;1;2;1865
8;12;1;2;1431
1;2;1;2;269
10;8;1;2;862
11;9;1;2;1629
4;5;1;2;0
14;3;1;2;1632
2;11;1;2;242
5;14;1;2;98
16;2;1;2;1681
19;8;1;2;836
3;15;1;2;524
18;8;1;2;1397
14;17;1;2;269
6;8;1;2;811
4;3;1;2;159
13;8;1;2;348
13;1;1;2;1713
17;5;1;2;276
4;12;1;2;1467
10;11;1;2;1466
9;5;1;2;1729
7;15;1;2;45
6;8;1;2;667
4;13;1;2;200
18;8;1;2;1642
9;12;1;2;1284
2;4;1;2;1462
17;1;1;2;207
6;16;1;2;1475
1;18;1;2;804
10;6;1;2;71
6;4;1;2;694
9;9;1;2;1054
1;4;1;2;124
11;1;1;2;1436
4;1;1;2;1204
16;14;1;2;1074
8;11;1;2;1311
17;8;1;2;100
18;20;1;2;1036
20;10;1;2;1165
7;7;1;2;999
8;8;1;2;46
8;20;1;2;476
13;10;1;2;1212
5;5;1;2;499
8;12;1;2;612
15;12;1;2;1350
14;20;1;2;1100
1;17;1;2;1331
4;9;1;2;1607
5;7;1;2;1780
16;15;1;2;1872
20;14;1;2;673
14;6;1;2;297
1;10;1;2;472
1;10;1;2;619
14;4;1;2;274

1;1;5;13
2;1;1;34
3;1;17;55
4;1;8;76
5;1;9;97
6;1;17;118
7;1;19;139
8;1;14;160
9;1;2;181
10;1;2;202
11;1;3;223
12;1;17;244
13;1;15;265
14;1;17;286
15;1;3;307
16;1;6;328
17;1;11;349
18;1;4;370
19;1;10;391
20;1;14;412
*** EOF ***