**** 7 ****
100
68;145;1;2;1428
101;138;1;2;9110
140;104;1;2;13107
97;141;1;2;9619
24;32;1;2;9236
188;154;1;2;18338
62;185;1;2;8775
83;46;1;2;928
184;14;1;2;13558
15;128;1;2;789
47;147;1;2;9521
24;47;1;2;8235
174;187;1;2;5606
5;83;1;2;8202
117;58;1;2;4117
42;45;1;2;6922
39;58;1;2;10560
58;141;1;2;7827
135;76;1;2;6508
130;43;1;2;10512
177;89;1;2;14101
168;112;1;2;17415
48;37;1;2;7584
32;42;1;2;4454
157;110;1;2;13520
65;151;1;2;16578
78;189;1;2;2352
76;199;1;2;11968
71;133;1;2;14158
80;14;1;2;9121
167;142;1;2;5870
153;61;1;2;5575
185;108;1;2;7976
3;92;1;2;16550
55;200;1;2;2915
116;64;1;2;4680
69;141;1;2;2181
32;169;1;2;4194
87;39;1;2;2018
18;118;1;2;9211
190;37;1;2;7561
3;189;1;2;6332
80;173;1;2;4388
41;127;1;2;16706
147;133;1;2;3858
162;48;1;2;17335
127;116;1;2;7056
184;100;1;2;2583
40;186;1;2;11743
27;155;1;2;12413
132;145;1;2;15107
177;99;1;2;14925
83;178;1;2;10281
48;170;1;2;17874
56;68;1;2;4413
63;181;1;2;11791
85;59;1;2;8956
47;43;1;2;17260
130;82;1;2;10412
51;60;1;2;12201
89;143;1;2;3117
68;120;1;2;8031
34;154;1;2;13262
125;153;1;2;7783
141;160;1;2;8146
90;22;1;2;7378
37;106;1;2;10418
100;104;1;2;9817
14;185;1;2;9513
114;35;1;2;11524
168;76;1;2;6062
118;143;1;2;0
118;176;1;2;961
48;100;1;2;2671
148;193;1;2;3008
67;34;1;2;15202
166;70;1;2;18586
124;122;1;2;10587
76;135;1;2;12791
61;48;1;2;8309
106;167;1;2;18928
93;36;1;2;12124
103;154;1;2;3080
66;1;1;2;11191
181;100;1;2;6959
7;118;1;2;13541
6;84;1;2;4984
110;159;1;2;8987
69;187;1;2;4808
13;47;1;2;12233
144;152;1;2;15088
197;196;1;2;6863
97;50;1;2;4960
20;115;1;2;3640
146;47;1;2;10688
65;5;1;2;14990
16;10;1;2;4925
37;71;1;2;9912
131;140;1;2;1765
160;104;1;2;18370

1;1;5;726
2;1;58;1963
3;1;49;2028
4;1;60;2383
5;1;47;2484
6;1;30;3439
7;1;21;4016
8;1;40;5122
9;1;81;7632
10;1;40;9524
11;1;46;10067
12;1;8;10426
13;1;94;11094
14;1;92;12912
15;1;59;13160
16;1;66;13749
17;1;43;13836
18;1;82;14200
19;1;69;15738
20;1;76;15874
*** EOF ***