**** 22 ****
100
10;3;1;2;420
18;15;1;2;1043
10;14;1;2;1737
4;8;1;2;1505
20;16;1;2;1564
8;7;1;2;1805
4;13;1;2;1680
15;4;1;2;774
2;1;1;2;1495
18;19;1;2;1619
10;1;1;2;974
14;10;1;2;680
4;19;1;2;117
8;2;1;2;1641
9;1;1;2;920
18;1;1;2;486
19;4;1;2;1414
14;10;1;2;833
2;11;1;2;698
16;8;1;2;348
14;17;1;2;350
14;10;1;2;196
20;6;1;2;1698
12;5;1;2;986
11;5;1;2;635
5;2;1;2;883
18;13;1;2;533
3;6;1;2;804
12;19;1;2;1634
13;15;1;2;430
4;8;1;2;368
8;13;1;2;1890
20;4;1;2;338
3;15;1;2;1263
19;17;1;2;467
15;14;1;2;1428
4;11;1;2;247
16;6;1;2;530
9;9;1;2;1150
1;1;1;2;1702
13;16;1;2;1892
13;3;1;2;829
14;3;1;2;1095
13;5;1;2;893
15;3;1;2;0
14;9;1;2;1215
14;4;1;2;1231
18;11;1;2;1488
19;20;1;2;918
18;12;1;2;231
4;16;1;2;1677
8;8;1;2;1827
17;14;1;2;855
9;18;1;2;495
7;12;1;2;1733
2;17;1;2;1403
2;2;1;2;423
1;11;1;2;1205
16;9;1;2;774
20;19;1;2;752
15;14;1;2;1583
6;13;1;2;1744
20;1;1;2;1226
15;1;1;2;391
19;8;1;2;503
4;1;1;2;139
10;3;1;2;717
20;15;1;2;605
20;2;1;2;347
11;1;1;2;1092
5;8;1;2;741
3;13;1;2;1198
1;12;1;2;1393
3;19;1;2;530
11;17;1;2;1417
14;20;1;2;253
13;10;1;2;141
6;9;1;2;448
10;20;1;2;761
2;2;1;2;99
16;6;1;2;605
3;1;1;2;166
14;1;1;2;611
18;3;1;2;905
11;5;1;2;1544
14;10;1;2;471
18;3;1;2;979
16;20;1;2;1614
8;9;1;2;1680
6;2;1;2;50
4;17;1;2;1279
9;11;1;2;1246
6;17;1;2;1696
7;14;1;2;77
14;16;1;2;584
9;10;1;2;1817
4;19;1;2;127
19;15;1;2;33
15;14;1;2;250
1;19;1;2;1139

1;1;8;15
2;1;15;34
3;1;3;66
4;1;11;80
5;1;19;132
6;1;3;161
7;1;7;219
8;1;8;313
9;1;13;443
10;1;7;487
11;1;14;502
12;1;8;523
13;1;7;544
14;1;9;565
15;1;18;586
16;1;7;607
17;1;2;628
18;1;16;649
19;1;2;670
20;1;14;725
21;1;1;814
22;1;3;904
23;1;15;927
24;1;2;945
25;1;2;953
26;1;9;966
27;1;9;1007
28;1;20;1058
29;1;3;1079
30;1;1;1100
31;1;9;1103
32;1;1;1127
33;1;20;1133
34;1;14;1158
35;1;7;1179
36;1;3;1213
37;1;10;1239
38;1;8;1260
39;1;11;1281
40;1;3;1294
41;1;12;1298
42;1;8;1332
43;1;5;1373
44;1;2;1440
45;1;3;1445
46;1;6;1466
47;1;17;1512
48;1;15;1533
49;1;17;1554
50;1;20;1575
*** EOF ***