**** 14 ****
100
6;20;1;2;655
1;13;1;2;244
3;10;1;2;132
7;3;1;2;592
12;1;1;2;1782
2;5;1;2;1535
2;2;1;2;1497
10;16;1;2;287
15;15;1;2;562
15;8;1;2;699
17;6;1;2;168
13;6;1;2;62
3;8;1;2;1046
5;15;1;2;1744
3;18;1;2;492
19;11;1;2;1396
14;12;1;2;202
19;1;1;2;681
15;7;1;2;1169
8;13;1;2;1446
20;9;1;2;795
10;1;1;2;1175
5;3;1;2;576
9;19;1;2;1329
7;1;1;2;200
5;12;1;2;804
8;17;1;2;1082
13;8;1;2;1058
5;2;1;2;464
3;1;1;2;986
8;20;1;2;1110
19;10;1;2;1479
7;14;1;2;472
2;14;1;2;110
12;20;1;2;998
10;16;1;2;1127
19;4;1;2;119
10;16;1;2;1409
14;12;1;2;1458
3;14;1;2;853
13;13;1;2;304
14;3;1;2;1858
16;9;1;2;1799
11;11;1;2;1173
13;14;1;2;1724
19;15;1;2;155
8;5;1;2;1675
1;15;1;2;784
6;20;1;2;88
19;2;1;2;732
5;6;1;2;396
11;20;1;2;1754
17;15;1;2;288
9;5;1;2;390
13;9;1;2;1488
9;19;1;2;1882
20;6;1;2;498
14;19;1;2;309
15;4;1;2;484
7;14;1;2;1500
4;11;1;2;552
5;13;1;2;665
17;9;1;2;1417
18;17;1;2;1380
12;2;1;2;699
20;2;1;2;374
14;1;1;2;1530
4;6;1;2;486
9;12;1;2;576
12;10;1;2;1358
9;5;1;2;1783
12;9;1;2;267
13;6;1;2;581
1;15;1;2;724
5;6;1;2;1868
9;17;1;2;0
12;2;1;2;1119
13;6;1;2;1044
3;6;1;2;642
17;9;1;2;1878
8;18;1;2;1706
17;1;1;2;522
10;13;1;2;93
11;5;1;2;695
13;9;1;2;842
4;18;1;2;120
8;1;1;2;413
4;13;1;2;341
5;16;1;2;214
17;4;1;2;504
18;11;1;2;835
15;19;1;2;1759
9;20;1;2;152
19;2;1;2;1220
16;15;1;2;666
18;10;1;2;1089
8;10;1;2;962
12;13;1;2;1829
13;18;1;2;373
19;14;1;2;973

1;1;6;5
2;1;16;26
3;1;12;47
4;1;9;68
5;1;6;89
6;1;10;110
7;1;8;131
8;1;4;152
9;1;2;173
10;1;13;194
11;1;7;215
12;1;9;236
13;1;8;257
14;1;2;278
15;1;12;299
16;1;20;320
17;1;10;341
18;1;16;362
19;1;19;383
20;1;2;404
*** EOF ***