**** 10 ****
100
129;36;1;2;9624
141;178;1;2;13134
24;145;1;2;8461
185;12;1;2;9411
117;39;1;2;17885
121;102;1;2;13330
168;135;1;2;3903
104;13;1;2;16779
61;31;1;2;11639
115;129;1;2;103
17;57;1;2;6734
39;149;1;2;13476
30;173;1;2;3438
190;109;1;2;6207
87;25;1;2;4941
26;97;1;2;3919
160;64;1;2;5525
103;120;1;2;10493
168;180;1;2;13464
118;94;1;2;4042
121;63;1;2;4431
112;53;1;2;10839
80;34;1;2;8450
192;23;1;2;2412
68;62;1;2;9707
182;87;1;2;451
149;199;1;2;14268
51;101;1;2;18823
117;68;1;2;9383
14;137;1;2;5168
38;10;1;2;6139
23;121;1;2;12549
5;152;1;2;8902
110;143;1;2;3659
76;162;1;2;15604
67;95;1;2;5619
154;196;1;2;15406
56;198;1;2;1495
30;115;1;2;8781
182;80;1;2;10901
28;117;1;2;7959
88;140;1;2;6432
152;96;1;2;795
97;157;1;2;3859
17;33;1;2;12201
45;99;1;2;2391
64;4;1;2;6463
81;59;1;2;11198
150;40;1;2;7832
38;22;1;2;457
63;49;1;2;2488
96;89;1;2;18355
154;40;1;2;1895
162;89;1;2;8932
113;105;1;2;13249
130;101;1;2;15181
41;117;1;2;5293
147;197;1;2;17112
50;99;1;2;2828
172;136;1;2;199
20;198;1;2;4764
137;46;1;2;13289
145;151;1;2;0
200;112;1;2;2622
12;177;1;2;5364
55;106;1;2;14523
149;146;1;2;16459
45;44;1;2;7577
152;45;1;2;8374
99;16;1;2;8373
18;36;1;2;9102
186;124;1;2;8893
42;21;1;2;14178
42;20;1;2;6495
129;183;1;2;18332
121;38;1;2;4631
13;138;1;2;5785
173;134;1;2;9256
129;86;1;2;6984
136;136;1;2;7060
30;105;1;2;9683
121;91;1;2;17341
10;84;1;2;1016
200;125;1;2;348
102;54;1;2;5267
132;126;1;2;10023
67;90;1;2;910
51;62;1;2;2480
126;142;1;2;3214
198;29;1;2;5941
37;58;1;2;10860
63;179;1;2;3735
12;140;1;2;7227
182;139;1;2;11770
123;41;1;2;987
46;172;1;2;18244
159;191;1;2;11432
8;41;1;2;6382
191;119;1;2;10672
11;68;1;2;13674

1;1;38;922
2;1;48;981
3;1;4;1322
4;1;83;1799
5;1;77;2987
6;1;32;4786
7;1;85;5914
8;1;68;7952
9;1;33;8053
10;1;18;8228
11;1;57;9405
12;1;24;9695
13;1;82;10230
14;1;56;11170
15;1;20;11699
16;1;88;12596
17;1;49;13127
18;1;50;13221
19;1;40;13703
20;1;1;15034
*** EOF ***