**** 8 ****
100
20;132;1;2;10768
77;173;1;2;15182
90;109;1;2;4211
3;129;1;2;13002
92;67;1;2;5453
72;104;1;2;18304
51;39;1;2;4018
198;68;1;2;984
80;180;1;2;6812
89;191;1;2;11575
33;163;1;2;18834
140;39;1;2;6379
4;128;1;2;17768
181;82;1;2;4017
23;174;1;2;6145
106;45;1;2;12194
97;47;1;2;11503
87;197;1;2;2047
64;28;1;2;12357
125;116;1;2;13438
121;148;1;2;18860
49;87;1;2;18187
149;42;1;2;14759
157;22;1;2;3949
45;197;1;2;847
200;54;1;2;15082
58;150;1;2;5058
154;188;1;2;10043
22;51;1;2;8096
68;175;1;2;12442
105;48;1;2;4193
104;96;1;2;13118
93;44;1;2;16397
162;152;1;2;17986
64;148;1;2;2513
139;147;1;2;13177
10;4;1;2;1650
128;110;1;2;9952
194;83;1;2;808
87;150;1;2;9662
47;55;1;2;457
154;110;1;2;11029
99;155;1;2;0
38;116;1;2;14146
198;131;1;2;18847
106;69;1;2;10747
67;78;1;2;2295
129;158;1;2;14111
178;103;1;2;868
77;190;1;2;3297
103;188;1;2;6205
176;142;1;2;9451
96;192;1;2;2850
59;29;1;2;904
125;26;1;2;7562
139;83;1;2;4670
99;149;1;2;7054
62;77;1;2;770
39;54;1;2;14862
145;131;1;2;9796
153;185;1;2;17015
167;113;1;2;2709
91;8;1;2;8369
168;19;1;2;2763
113;143;1;2;13504
187;33;1;2;14477
82;131;1;2;9228
6;145;1;2;8781
87;183;1;2;3828
70;79;1;2;4808
147;32;1;2;2382
59;198;1;2;15750
64;40;1;2;8567
60;8;1;2;9333
37;120;1;2;3821
40;58;1;2;10363
125;139;1;2;11592
158;96;1;2;9545
20;182;1;2;8705
88;4;1;2;568
85;102;1;2;7176
19;160;1;2;15733
65;175;1;2;16688
23;186;1;2;3264
198;23;1;2;14624
68;62;1;2;10443
171;138;1;2;5019
4;47;1;2;14780
133;19;1;2;11864
196;106;1;2;1763
137;190;1;2;13017
110;161;1;2;5638
184;177;1;2;10708
97;199;1;2;7967
18;149;1;2;177
9;16;1;2;843
58;138;1;2;5441
150;93;1;2;13570
185;25;1;2;5382
105;20;1;2;3706

1;1;98;2775
2;1;22;3453
3;1;95;3622
4;1;2;4225
5;1;28;4848
6;1;15;4878
7;1;84;4956
8;1;53;5241
9;1;23;5379
10;1;67;6037
11;1;53;6138
12;1;55;7727
13;1;37;7879
14;1;42;8405
15;1;66;9301
16;1;57;10433
17;1;69;12097
18;1;23;14848
19;1;92;15358
20;1;18;15459
*** EOF ***