**** 21 ****
100
19;20;1;2;869
12;13;1;2;683
2;12;1;2;1292
9;11;1;2;570
17;10;1;2;783
15;16;1;2;975
10;18;1;2;773
3;8;1;2;103
16;17;1;2;1441
14;9;1;2;718
13;8;1;2;939
8;19;1;2;964
16;12;1;2;1080
17;1;1;2;923
5;9;1;2;1065
13;3;1;2;1572
8;12;1;2;618
18;15;1;2;1024
20;2;1;2;1460
6;8;1;2;762
20;20;1;2;191
12;19;1;2;1711
9;15;1;2;110
18;11;1;2;1806
9;8;1;2;1839
1;12;1;2;1300
17;12;1;2;103
15;9;1;2;602
20;1;1;2;1176
1;18;1;2;1767
3;17;1;2;748
4;9;1;2;877
16;9;1;2;949
19;18;1;2;367
2;6;1;2;1601
13;19;1;2;1632
18;15;1;2;1448
14;1;1;2;1834
17;20;1;2;979
13;13;1;2;348
4;7;1;2;661
6;3;1;2;967
18;10;1;2;329
13;8;1;2;1742
2;1;1;2;424
18;13;1;2;1244
5;2;1;2;83
16;15;1;2;1372
15;11;1;2;410
14;3;1;2;593
10;18;1;2;758
15;15;1;2;1133
20;13;1;2;1516
14;17;1;2;140
5;18;1;2;700
1;7;1;2;1233
8;11;1;2;1162
1;6;1;2;591
14;20;1;2;109
19;5;1;2;894
8;7;1;2;945
4;1;1;2;1000
1;13;1;2;0
8;6;1;2;898
5;10;1;2;181
11;2;1;2;1373
20;1;1;2;415
11;1;1;2;658
16;7;1;2;120
3;17;1;2;1719
5;5;1;2;75
5;8;1;2;1576
3;8;1;2;1487
13;7;1;2;161
19;12;1;2;1229
6;2;1;2;1350
19;13;1;2;1755
2;3;1;2;652
15;18;1;2;1301
16;13;1;2;334
5;17;1;2;258
8;13;1;2;1819
3;15;1;2;472
3;7;1;2;1534
7;17;1;2;1333
13;14;1;2;593
20;12;1;2;548
7;6;1;2;482
7;20;1;2;964
5;7;1;2;225
20;11;1;2;1072
18;10;1;2;638
16;13;1;2;1846
1;7;1;2;906
4;13;1;2;651
11;17;1;2;1252
10;16;1;2;290
2;15;1;2;107
17;1;1;2;1349
1;6;1;2;333

1;1;2;37
2;1;10;45
3;1;18;66
4;1;17;87
5;1;9;108
6;1;3;129
7;1;1;150
8;1;14;171
9;1;20;189
10;1;19;210
11;1;18;231
12;1;2;252
13;1;9;273
14;1;9;294
15;1;7;315
16;1;3;336
17;1;2;409
18;1;2;478
19;1;8;503
20;1;17;530
21;1;12;554
22;1;1;618
23;1;14;640
24;1;16;700
25;1;5;723
26;1;3;744
27;1;6;756
28;1;6;775
29;1;14;789
30;1;18;870
31;1;7;891
32;1;5;900
33;1;12;907
34;1;11;946
35;1;8;984
36;1;10;1062
37;1;9;1085
38;1;7;1096
39;1;3;1117
40;1;4;1138
41;1;18;1267
42;1;3;1312
43;1;17;1329
44;1;8;1398
45;1;1;1465
46;1;6;1467
47;1;10;1491
48;1;16;1512
49;1;18;1535
50;1;9;1602
*** EOF ***