**** 9 ****
100
190;120;1;2;1205
183;164;1;2;14464
35;154;1;2;1053
184;73;1;2;13194
167;73;1;2;10316
43;96;1;2;2234
68;91;1;2;18538
11;25;1;2;17768
191;179;1;2;461
17;70;1;2;1954
116;60;1;2;1035
124;42;1;2;1823
81;76;1;2;3835
21;11;1;2;13931
38;178;1;2;18421
162;20;1;2;690
61;39;1;2;13873
56;1;1;2;13647
44;192;1;2;10469
200;8;1;2;13720
104;123;1;2;7839
80;198;1;2;5782
171;31;1;2;654
15;51;1;2;13505
83;88;1;2;14029
24;1;1;2;9947
60;13;1;2;2222
138;68;1;2;1786
192;111;1;2;1728
24;63;1;2;15973
126;118;1;2;7935
38;149;1;2;7451
144;119;1;2;354
78;133;1;2;16071
22;168;1;2;1421
143;191;1;2;13837
35;51;1;2;17810
117;140;1;2;12618
199;132;1;2;6659
25;155;1;2;393
106;32;1;2;5146
13;22;1;2;2954
118;165;1;2;5010
53;42;1;2;15408
38;63;1;2;9562
62;157;1;2;6150
87;143;1;2;15235
76;11;1;2;12431
132;10;1;2;2012
51;186;1;2;4076
184;43;1;2;3458
35;55;1;2;8253
82;173;1;2;14614
199;25;1;2;3939
1;15;1;2;8732
170;76;1;2;5022
130;162;1;2;12126
91;189;1;2;13010
144;121;1;2;344
128;123;1;2;13345
19;59;1;2;11240
141;93;1;2;11336
84;126;1;2;1827
143;124;1;2;2068
44;77;1;2;9128
160;198;1;2;14799
184;79;1;2;4290
150;170;1;2;14410
127;65;1;2;10148
65;193;1;2;17164
188;11;1;2;16849
153;103;1;2;4721
125;186;1;2;12107
68;128;1;2;6015
188;172;1;2;1854
74;83;1;2;8929
84;66;1;2;14645
159;15;1;2;14981
22;142;1;2;3367
6;158;1;2;815
64;146;1;2;11145
132;98;1;2;9442
140;174;1;2;13331
25;42;1;2;9053
33;181;1;2;0
70;55;1;2;14778
104;90;1;2;533
16;200;1;2;7685
50;21;1;2;10984
148;26;1;2;10774
190;41;1;2;10772
194;172;1;2;12846
100;63;1;2;18702
191;87;1;2;11168
161;120;1;2;11056
55;141;1;2;18121
30;44;1;2;18533
23;11;1;2;16582
182;12;1;2;17049
34;111;1;2;1454

1;1;89;1009
2;1;57;1207
3;1;19;1672
4;1;79;1778
5;1;29;2212
6;1;60;3049
7;1;61;3242
8;1;8;3471
9;1;52;5247
10;1;99;6554
11;1;72;6657
12;1;41;8251
13;1;51;11378
14;1;17;13373
15;1;34;13414
16;1;53;13736
17;1;99;13837
18;1;96;14006
19;1;98;14392
20;1;74;15045
*** EOF ***