**** 6 ****
100
66;45;1;2;0
28;6;1;2;134
106;49;1;2;7931
31;43;1;2;2068
19;119;1;2;13875
69;177;1;2;8236
133;171;1;2;10719
27;40;1;2;1887
143;83;1;2;3277
166;178;1;2;11089
91;44;1;2;11968
148;23;1;2;4210
96;128;1;2;18221
114;110;1;2;8986
33;129;1;2;10832
44;149;1;2;17598
189;81;1;2;15583
90;107;1;2;7465
48;1;1;2;18098
71;118;1;2;3762
29;160;1;2;8389
183;107;1;2;16017
142;154;1;2;16861
149;68;1;2;9837
199;52;1;2;8511
70;95;1;2;18361
166;35;1;2;7773
135;76;1;2;17340
96;124;1;2;5490
138;146;1;2;4408
158;127;1;2;6095
173;109;1;2;1006
11;51;1;2;8275
80;151;1;2;7205
106;101;1;2;9493
13;171;1;2;10013
67;88;1;2;16745
154;174;1;2;2662
98;69;1;2;17027
43;7;1;2;5857
56;116;1;2;18242
181;89;1;2;9147
12;51;1;2;1784
196;130;1;2;4488
200;35;1;2;7500
6;199;1;2;2396
107;18;1;2;6774
42;171;1;2;17217
52;68;1;2;12559
138;62;1;2;1271
121;70;1;2;15745
30;50;1;2;7109
199;61;1;2;1010
171;8;1;2;4680
93;159;1;2;18327
67;165;1;2;3090
12;71;1;2;5702
147;112;1;2;5307
104;115;1;2;244
82;52;1;2;15006
65;172;1;2;6369
116;1;1;2;8802
55;200;1;2;4567
44;122;1;2;1682
114;14;1;2;7354
19;32;1;2;2445
74;195;1;2;6598
194;142;1;2;17300
188;45;1;2;8840
49;126;1;2;16991
124;143;1;2;234
68;58;1;2;14558
61;65;1;2;2734
114;60;1;2;13921
127;174;1;2;14605
98;144;1;2;2400
33;17;1;2;17963
190;162;1;2;1435
10;149;1;2;17407
144;197;1;2;12065
130;73;1;2;14795
88;140;1;2;12969
150;1;1;2;13697
11;66;1;2;17732
193;192;1;2;11009
140;41;1;2;1970
118;73;1;2;12963
91;14;1;2;11431
157;175;1;2;2681
68;119;1;2;15330
56;48;1;2;7382
186;87;1;2;13579
125;36;1;2;14092
81;46;1;2;4116
96;190;1;2;13708
36;129;1;2;11961
119;47;1;2;1322
170;89;1;2;16760
30;46;1;2;18574
190;113;1;2;15346

1;1;78;32
2;1;90;208
3;1;8;1708
4;1;53;1845
5;1;2;1994
6;1;81;3851
7;1;38;4777
8;1;28;6538
9;1;39;6909
10;1;37;7108
11;1;65;7407
12;1;72;8265
13;1;45;8644
14;1;15;11208
15;1;68;11502
16;1;27;12104
17;1;33;12565
18;1;42;12699
19;1;19;12778
20;1;60;13284
*** EOF ***