**** 13 ****
100
3;14;1;2;778
1;20;1;2;1474
20;9;1;2;213
3;9;1;2;573
3;11;1;2;779
17;15;1;2;1595
5;15;1;2;1136
14;3;1;2;1316
2;10;1;2;679
16;16;1;2;1310
4;18;1;2;538
1;10;1;2;1384
15;9;1;2;1229
12;12;1;2;1271
2;14;1;2;243
18;2;1;2;1832
13;18;1;2;1607
1;12;1;2;44
14;13;1;2;664
18;20;1;2;161
7;3;1;2;704
2;3;1;2;146
15;10;1;2;1419
9;13;1;2;1648
11;7;1;2;515
16;4;1;2;1196
7;8;1;2;655
20;20;1;2;734
7;6;1;2;83
15;15;1;2;0
7;13;1;2;1180
20;14;1;2;515
10;1;1;2;1421
1;1;1;2;309
3;4;1;2;1565
10;11;1;2;278
11;17;1;2;1845
17;8;1;2;1701
18;14;1;2;1149
19;20;1;2;893
11;6;1;2;342
5;17;1;2;48
5;7;1;2;1394
15;19;1;2;1819
9;2;1;2;682
9;3;1;2;139
4;13;1;2;133
6;1;1;2;358
20;18;1;2;882
11;8;1;2;469
16;18;1;2;1192
2;14;1;2;1856
5;19;1;2;717
20;5;1;2;1095
15;5;1;2;849
14;13;1;2;482
14;16;1;2;1201
11;13;1;2;1786
6;5;1;2;1044
15;15;1;2;985
15;11;1;2;1647
20;4;1;2;398
14;20;1;2;1578
14;19;1;2;894
5;13;1;2;592
8;6;1;2;312
2;20;1;2;368
1;2;1;2;704
20;7;1;2;1109
8;13;1;2;855
12;7;1;2;834
18;19;1;2;1401
5;12;1;2;703
2;18;1;2;146
15;14;1;2;1549
4;1;1;2;1806
5;3;1;2;1055
1;15;1;2;1331
13;6;1;2;1115
18;13;1;2;1279
1;17;1;2;413
6;14;1;2;1600
14;10;1;2;1005
1;3;1;2;1269
18;9;1;2;1575
7;12;1;2;883
2;16;1;2;1589
8;16;1;2;1092
7;20;1;2;1190
5;9;1;2;1039
15;9;1;2;1611
11;14;1;2;776
18;19;1;2;821
4;11;1;2;1435
11;8;1;2;1623
19;15;1;2;76
7;8;1;2;920
2;8;1;2;733
18;6;1;2;219
12;10;1;2;513

1;1;15;10
2;1;4;31
3;1;15;52
4;1;4;73
5;1;3;94
6;1;12;115
7;1;10;136
8;1;14;157
9;1;4;178
10;1;8;199
11;1;4;220
12;1;5;241
13;1;8;262
14;1;9;283
15;1;7;304
16;1;4;325
17;1;5;346
18;1;3;367
19;1;1;388
20;1;16;409
*** EOF ***