**** 25 ****
100
19;2;1;2;949
12;18;1;2;346
18;3;1;2;939
15;12;1;2;973
8;8;1;2;892
3;4;1;2;186
5;20;1;2;980
19;16;1;2;813
14;12;1;2;1845
6;5;1;2;565
5;15;1;2;1798
3;6;1;2;701
16;15;1;2;981
20;9;1;2;639
4;8;1;2;408
6;11;1;2;1772
20;7;1;2;791
5;17;1;2;500
17;10;1;2;1792
12;15;1;2;1622
11;19;1;2;1057
12;14;1;2;582
14;9;1;2;728
18;20;1;2;712
6;15;1;2;688
1;1;1;2;1551
11;12;1;2;969
1;8;1;2;736
5;4;1;2;1330
13;8;1;2;665
4;18;1;2;1113
2;9;1;2;1724
4;14;1;2;943
13;12;1;2;1611
9;9;1;2;910
5;10;1;2;1635
3;20;1;2;170
8;12;1;2;1297
9;9;1;2;139
19;1;1;2;441
16;16;1;2;879
12;17;1;2;1364
12;13;1;2;694
5;5;1;2;1765
5;5;1;2;1402
11;10;1;2;0
18;4;1;2;1304
19;11;1;2;332
16;19;1;2;1421
20;10;1;2;661
19;5;1;2;1599
15;8;1;2;1480
4;12;1;2;897
7;16;1;2;579
20;20;1;2;1238
2;2;1;2;1686
5;11;1;2;1573
20;10;1;2;1879
18;17;1;2;1441
12;16;1;2;1612
18;14;1;2;1132
11;20;1;2;1140
1;16;1;2;1458
15;2;1;2;1141
5;13;1;2;1788
12;15;1;2;519
7;11;1;2;884
6;2;1;2;1163
16;19;1;2;753
16;2;1;2;1682
5;19;1;2;613
10;10;1;2;326
3;2;1;2;285
7;9;1;2;1208
6;5;1;2;1047
16;16;1;2;1215
20;3;1;2;1724
2;20;1;2;102
17;7;1;2;469
8;2;1;2;446
6;18;1;2;716
17;20;1;2;979
11;2;1;2;814
9;9;1;2;1129
11;6;1;2;602
14;2;1;2;485
15;1;1;2;538
7;14;1;2;457
20;2;1;2;234
3;9;1;2;1296
20;14;1;2;1455
16;2;1;2;1878
12;12;1;2;1780
2;12;1;2;755
8;3;1;2;1833
11;8;1;2;1098
9;3;1;2;995
1;9;1;2;507
12;20;1;2;797
10;2;1;2;729

1;1;16;26
2;1;5;47
3;1;10;68
4;1;14;86
5;1;9;134
6;1;20;160
7;1;3;204
8;1;11;317
9;1;16;338
10;1;2;359
11;1;17;373
12;1;3;394
13;1;11;415
14;1;14;436
15;1;13;473
16;1;8;494
17;1;7;515
18;1;4;536
19;1;5;578
20;1;15;611
21;1;6;632
22;1;11;655
23;1;3;694
24;1;16;715
25;1;12;736
26;1;12;757
27;1;7;774
28;1;7;807
29;1;16;828
30;1;19;866
31;1;13;901
32;1;13;926
33;1;18;947
34;1;1;970
35;1;1;1009
36;1;5;1054
37;1;10;1062
38;1;5;1075
39;1;16;1090
40;1;4;1116
41;1;8;1184
42;1;15;1270
43;1;9;1291
44;1;5;1351
45;1;19;1372
46;1;12;1407
47;1;2;1431
48;1;17;1467
49;1;12;1488
50;1;9;1538
*** EOF ***