**** 23 ****
100
12;2;1;2;588
15;15;1;2;279
2;20;1;2;1270
9;9;1;2;1745
16;17;1;2;1640
13;14;1;2;1080
9;8;1;2;1784
9;13;1;2;641
17;19;1;2;1604
1;10;1;2;575
8;13;1;2;720
1;7;1;2;562
12;8;1;2;667
17;16;1;2;833
11;4;1;2;1189
5;16;1;2;754
10;16;1;2;1536
15;17;1;2;1751
5;13;1;2;1306
11;5;1;2;1355
15;4;1;2;1082
1;5;1;2;1134
1;16;1;2;1611
20;4;1;2;1749
11;14;1;2;474
18;10;1;2;826
18;11;1;2;392
9;5;1;2;768
20;2;1;2;1224
2;4;1;2;313
13;18;1;2;1380
9;18;1;2;1237
19;10;1;2;163
8;9;1;2;1329
13;19;1;2;801
13;16;1;2;208
9;5;1;2;665
12;13;1;2;132
11;5;1;2;1186
14;18;1;2;1606
14;3;1;2;78
18;11;1;2;1138
5;1;1;2;1532
20;8;1;2;0
17;13;1;2;1295
20;17;1;2;785
4;5;1;2;1175
10;16;1;2;201
9;18;1;2;1514
13;12;1;2;729
8;5;1;2;1103
13;14;1;2;1817
7;19;1;2;215
10;18;1;2;1723
2;6;1;2;485
5;17;1;2;777
7;12;1;2;1526
13;2;1;2;1245
4;2;1;2;704
19;15;1;2;1114
4;14;1;2;923
18;18;1;2;1513
15;4;1;2;330
11;14;1;2;1328
15;7;1;2;133
15;3;1;2;1374
20;9;1;2;1443
1;14;1;2;1031
17;17;1;2;258
3;8;1;2;333
12;3;1;2;949
18;12;1;2;321
17;6;1;2;1462
14;9;1;2;239
12;15;1;2;482
3;10;1;2;1596
15;9;1;2;578
7;9;1;2;491
3;17;1;2;1548
9;12;1;2;1462
13;3;1;2;962
11;12;1;2;1164
6;20;1;2;94
4;5;1;2;1771
20;16;1;2;326
2;19;1;2;45
6;5;1;2;1718
19;3;1;2;1156
17;6;1;2;1529
4;6;1;2;1653
17;19;1;2;717
5;9;1;2;1592
12;14;1;2;78
8;9;1;2;317
1;8;1;2;1738
20;9;1;2;683
16;7;1;2;427
4;5;1;2;526
8;14;1;2;109
20;17;1;2;1347

1;1;2;15
2;1;2;30
3;1;15;51
4;1;6;72
5;1;17;93
6;1;13;114
7;1;19;134
8;1;6;155
9;1;16;176
10;1;3;197
11;1;3;218
12;1;7;251
13;1;2;331
14;1;20;335
15;1;20;356
16;1;4;377
17;1;5;387
18;1;5;428
19;1;14;521
20;1;17;590
21;1;12;611
22;1;15;632
23;1;12;694
24;1;8;742
25;1;6;763
26;1;9;784
27;1;13;805
28;1;8;826
29;1;17;847
30;1;2;868
31;1;11;901
32;1;15;933
33;1;16;954
34;1;2;975
35;1;3;996
36;1;6;1017
37;1;18;1038
38;1;1;1059
39;1;9;1104
40;1;2;1168
41;1;20;1181
42;1;20;1210
43;1;8;1231
44;1;17;1261
45;1;14;1314
46;1;19;1380
47;1;2;1401
48;1;11;1451
49;1;12;1572
50;1;19;1593
*** EOF ***