**** 15 ****
100
1;14;1;2;707
15;2;1;2;1191
15;11;1;2;400
14;1;1;2;484
19;6;1;2;701
4;8;1;2;872
10;17;1;2;392
6;1;1;2;1881
4;10;1;2;1776
15;17;1;2;1500
12;17;1;2;954
13;12;1;2;871
1;18;1;2;1802
19;11;1;2;1530
17;9;1;2;385
15;4;1;2;685
4;6;1;2;1661
19;11;1;2;1410
17;6;1;2;526
6;1;1;2;888
2;12;1;2;1316
2;16;1;2;494
4;16;1;2;761
19;6;1;2;1841
15;3;1;2;1391
8;9;1;2;786
8;4;1;2;400
17;2;1;2;119
18;18;1;2;357
8;16;1;2;1726
15;17;1;2;636
19;18;1;2;1632
17;13;1;2;191
13;4;1;2;526
10;18;1;2;1234
16;5;1;2;1127
18;4;1;2;1065
4;20;1;2;1465
5;9;1;2;393
20;17;1;2;1540
6;11;1;2;715
16;1;1;2;798
12;18;1;2;758
4;2;1;2;498
14;11;1;2;1572
5;7;1;2;563
17;16;1;2;58
3;11;1;2;1729
11;16;1;2;1285
9;7;1;2;1164
13;4;1;2;365
14;19;1;2;194
12;11;1;2;1168
14;6;1;2;247
12;19;1;2;1185
6;16;1;2;1572
17;4;1;2;317
3;6;1;2;1599
8;9;1;2;1746
14;17;1;2;1140
16;1;1;2;1483
9;14;1;2;1536
2;17;1;2;1029
16;3;1;2;153
19;14;1;2;1361
4;11;1;2;171
4;19;1;2;1525
2;1;1;2;797
19;1;1;2;1342
3;14;1;2;1664
13;10;1;2;1403
7;18;1;2;1285
11;11;1;2;221
17;18;1;2;869
20;16;1;2;1839
2;19;1;2;889
11;14;1;2;509
11;8;1;2;731
1;6;1;2;1421
6;1;1;2;0
20;13;1;2;1583
14;11;1;2;707
1;13;1;2;1418
17;1;1;2;1082
15;13;1;2;1859
18;6;1;2;1132
12;17;1;2;475
4;19;1;2;228
8;19;1;2;89
13;5;1;2;1805
3;4;1;2;825
2;9;1;2;532
10;1;1;2;563
20;10;1;2;44
7;4;1;2;1031
1;14;1;2;1107
5;5;1;2;418
15;20;1;2;525
12;7;1;2;314
7;11;1;2;1114

1;1;18;27
2;1;13;48
3;1;7;69
4;1;13;90
5;1;7;111
6;1;13;132
7;1;13;153
8;1;20;174
9;1;8;195
10;1;3;216
11;1;1;237
12;1;5;258
13;1;20;279
14;1;14;300
15;1;18;321
16;1;9;342
17;1;16;363
18;1;13;384
19;1;2;405
20;1;11;426
*** EOF ***