**** 10 ****
100
76;40;1;2;0
190;94;1;2;3
184;40;1;2;248
145;162;1;2;80
66;63;1;2;29
93;55;1;2;217
163;76;1;2;65
41;101;1;2;108
48;14;1;2;16
28;98;1;2;47
115;173;1;2;88
117;115;1;2;132
170;98;1;2;123
19;194;1;2;186
101;59;1;2;149
80;151;1;2;155
98;65;1;2;130
15;105;1;2;82
74;104;1;2;46
42;132;1;2;45
139;198;1;2;69
180;66;1;2;183
162;188;1;2;132
87;6;1;2;75
174;106;1;2;134
75;138;1;2;186
182;187;1;2;51
164;153;1;2;207
47;26;1;2;11
95;19;1;2;244
40;110;1;2;243
61;89;1;2;110
45;2;1;2;247
77;88;1;2;152
103;13;1;2;110
139;87;1;2;149
77;20;1;2;135
128;184;1;2;87
188;182;1;2;115
151;76;1;2;233
45;67;1;2;92
40;127;1;2;30
100;123;1;2;31
148;152;1;2;71
152;6;1;2;233
14;96;1;2;122
13;172;1;2;141
150;52;1;2;126
88;39;1;2;57
155;189;1;2;184
40;185;1;2;52
83;176;1;2;231
165;75;1;2;5
49;174;1;2;156
172;78;1;2;213
155;91;1;2;208
177;104;1;2;180
171;53;1;2;133
147;92;1;2;173
57;46;1;2;163
193;86;1;2;97
196;120;1;2;24
29;36;1;2;100
184;36;1;2;74
43;7;1;2;153
106;114;1;2;243
65;42;1;2;96
147;12;1;2;51
80;111;1;2;92
3;119;1;2;40
66;111;1;2;25
65;58;1;2;196
191;38;1;2;231
191;22;1;2;219
117;64;1;2;25
120;169;1;2;88
14;185;1;2;30
162;131;1;2;93
163;162;1;2;53
8;116;1;2;23
98;181;1;2;234
25;197;1;2;43
71;187;1;2;81
104;130;1;2;204
173;46;1;2;217
49;118;1;2;37
189;131;1;2;124
171;92;1;2;156
165;7;1;2;18
20;14;1;2;233
194;63;1;2;216
30;87;1;2;164
75;109;1;2;103
6;12;1;2;132
62;137;1;2;29
181;137;1;2;96
21;77;1;2;76
45;48;1;2;20
151;164;1;2;228
171;135;1;2;43

1;1;5;178
2;1;14;280
3;1;4;343
4;1;5;359
5;1;3;728
6;1;17;897
7;1;5;923
8;1;23;1010
9;1;11;1091
10;1;6;1196
11;1;4;1207
12;1;15;1803
13;1;4;2172
14;1;6;2182
15;1;2;2404
16;1;19;3113
17;1;12;3276
18;1;15;3508
19;1;16;3739
20;1;2;3855
*** EOF ***