**** 12 ****
100
141;60;1;2;12
3;128;1;2;84
13;51;1;2;19
18;177;1;2;24
124;86;1;2;150
88;92;1;2;46
145;132;1;2;138
144;128;1;2;142
82;22;1;2;245
156;120;1;2;206
41;60;1;2;117
153;62;1;2;145
87;26;1;2;147
58;44;1;2;125
183;119;1;2;61
85;158;1;2;204
133;54;1;2;137
21;149;1;2;65
65;183;1;2;238
61;138;1;2;7
169;178;1;2;119
137;83;1;2;132
184;121;1;2;210
33;179;1;2;5
59;113;1;2;173
122;197;1;2;132
76;81;1;2;88
65;101;1;2;86
182;165;1;2;18
121;177;1;2;157
130;146;1;2;87
151;34;1;2;69
34;169;1;2;39
94;1;1;2;17
149;59;1;2;231
74;180;1;2;229
108;7;1;2;159
196;72;1;2;159
185;53;1;2;76
155;173;1;2;154
63;55;1;2;101
100;5;1;2;34
19;190;1;2;52
10;35;1;2;53
28;135;1;2;13
61;160;1;2;143
91;68;1;2;99
200;15;1;2;122
162;199;1;2;175
40;106;1;2;199
94;168;1;2;55
46;19;1;2;10
182;189;1;2;0
87;198;1;2;36
40;177;1;2;220
155;38;1;2;182
98;128;1;2;99
200;79;1;2;115
172;40;1;2;216
149;79;1;2;21
51;125;1;2;188
6;170;1;2;8
166;151;1;2;96
68;37;1;2;195
156;28;1;2;222
178;183;1;2;111
160;32;1;2;138
161;183;1;2;166
177;155;1;2;208
143;55;1;2;88
14;105;1;2;212
4;111;1;2;181
164;28;1;2;234
160;47;1;2;172
105;2;1;2;152
179;132;1;2;186
90;91;1;2;19
80;4;1;2;2
197;180;1;2;108
57;74;1;2;12
195;39;1;2;119
58;194;1;2;29
41;157;1;2;58
127;68;1;2;5
2;124;1;2;108
104;103;1;2;89
92;144;1;2;232
111;24;1;2;135
113;172;1;2;16
173;28;1;2;91
136;174;1;2;29
107;31;1;2;74
36;24;1;2;30
144;150;1;2;197
51;151;1;2;122
160;6;1;2;74
151;49;1;2;118
33;160;1;2;243
70;24;1;2;14
38;149;1;2;241

1;1;36;16
2;1;39;67
3;1;18;118
4;1;22;169
5;1;1;220
6;1;36;271
7;1;25;322
8;1;8;373
9;1;42;424
10;1;14;475
11;1;42;526
12;1;36;577
13;1;8;628
14;1;30;679
15;1;48;730
16;1;43;781
17;1;15;832
18;1;29;883
19;1;32;934
20;1;47;985
*** EOF ***