**** 22 ****
100
114;79;1;2;1468
108;18;1;2;2736
88;48;1;2;338
69;146;1;2;656
11;100;1;2;1797
99;33;1;2;705
2;108;1;2;585
188;196;1;2;2130
72;77;1;2;1164
37;103;1;2;620
83;168;1;2;1098
104;75;1;2;2667
192;114;1;2;2514
82;135;1;2;660
139;145;1;2;1911
88;196;1;2;1543
146;149;1;2;0
83;136;1;2;2198
165;159;1;2;875
130;196;1;2;1729
102;30;1;2;49
152;85;1;2;1075
19;77;1;2;2341
134;110;1;2;875
146;200;1;2;2771
57;88;1;2;518
152;185;1;2;1067
155;19;1;2;1602
154;184;1;2;1913
181;65;1;2;308
62;166;1;2;2337
63;117;1;2;822
91;87;1;2;1850
32;20;1;2;2759
59;117;1;2;1559
182;125;1;2;398
101;77;1;2;334
168;183;1;2;1952
122;136;1;2;2087
35;68;1;2;1551
143;130;1;2;1668
33;144;1;2;536
7;34;1;2;823
57;65;1;2;2394
168;75;1;2;2911
79;57;1;2;1635
29;157;1;2;463
163;76;1;2;2046
116;197;1;2;2933
155;184;1;2;1353
107;78;1;2;2034
175;110;1;2;2377
112;116;1;2;811
87;124;1;2;27
81;92;1;2;1254
192;122;1;2;910
180;151;1;2;218
43;113;1;2;245
41;180;1;2;2241
127;135;1;2;176
80;193;1;2;2654
114;119;1;2;715
91;30;1;2;1183
54;68;1;2;2906
82;149;1;2;349
136;140;1;2;1071
198;71;1;2;2821
168;114;1;2;285
13;106;1;2;1417
6;32;1;2;1951
183;111;1;2;1495
37;24;1;2;1013
152;67;1;2;1395
135;120;1;2;462
194;1;1;2;610
143;88;1;2;2102
166;85;1;2;572
139;52;1;2;2837
25;16;1;2;1943
42;22;1;2;1526
145;4;1;2;2237
40;192;1;2;812
53;143;1;2;2278
48;30;1;2;1798
111;23;1;2;2398
73;117;1;2;38
175;83;1;2;1274
100;21;1;2;678
137;197;1;2;1493
32;38;1;2;314
159;134;1;2;317
196;125;1;2;1508
160;178;1;2;1603
39;177;1;2;1784
37;39;1;2;1958
187;64;1;2;2474
177;38;1;2;2108
52;137;1;2;681
130;26;1;2;1477
23;57;1;2;267

1;1;6;38
2;1;8;90
3;1;8;281
4;1;1;296
5;1;33;332
6;1;37;382
7;1;39;782
8;1;14;872
9;1;50;923
10;1;28;974
11;1;13;1025
12;1;25;1076
13;1;16;1103
14;1;38;1144
15;1;40;1189
16;1;44;1475
17;1;18;1563
18;1;26;1614
19;1;40;1665
20;1;48;1716
21;1;38;1767
22;1;10;1818
23;1;50;1869
24;1;23;1920
25;1;7;2005
26;1;13;2043
27;1;24;2073
28;1;24;2172
29;1;47;2223
30;1;50;2274
31;1;30;2325
32;1;38;2375
33;1;31;2474
34;1;36;2511
35;1;46;2573
36;1;26;2621
37;1;20;2708
38;1;6;3035
39;1;50;3044
40;1;14;3099
41;1;45;3185
42;1;15;3236
43;1;10;3344
44;1;42;3652
45;1;13;3703
46;1;15;3754
47;1;30;3805
48;1;22;3872
49;1;35;3923
50;1;33;3974
*** EOF ***