**** 23 ****
100
191;162;1;2;1584
109;100;1;2;799
29;19;1;2;2064
159;52;1;2;2111
29;47;1;2;39
167;116;1;2;2687
10;152;1;2;698
120;146;1;2;2681
7;92;1;2;912
141;85;1;2;2636
100;76;1;2;2197
84;136;1;2;1248
83;165;1;2;2666
148;123;1;2;2269
11;103;1;2;2667
2;69;1;2;2135
90;30;1;2;886
188;150;1;2;583
21;108;1;2;2074
133;48;1;2;1911
121;147;1;2;2938
70;31;1;2;1873
118;65;1;2;437
136;164;1;2;2312
157;175;1;2;2414
25;176;1;2;1835
160;17;1;2;1064
198;157;1;2;165
181;129;1;2;1673
7;14;1;2;2272
118;134;1;2;1371
8;4;1;2;553
82;73;1;2;617
71;161;1;2;981
135;117;1;2;1107
102;93;1;2;1034
137;52;1;2;803
153;1;1;2;1111
71;133;1;2;1639
96;140;1;2;1004
168;9;1;2;1490
91;17;1;2;2645
44;50;1;2;2717
62;72;1;2;2077
195;7;1;2;346
54;108;1;2;2838
40;44;1;2;42
195;148;1;2;1842
106;18;1;2;175
98;113;1;2;466
102;33;1;2;1626
192;123;1;2;594
37;167;1;2;2243
107;180;1;2;1715
136;126;1;2;1673
82;179;1;2;1180
73;170;1;2;2423
115;165;1;2;1522
109;70;1;2;940
84;167;1;2;52
102;21;1;2;1836
129;164;1;2;959
123;153;1;2;1677
119;59;1;2;1256
186;146;1;2;1381
59;28;1;2;511
39;52;1;2;0
14;118;1;2;396
136;26;1;2;418
28;62;1;2;1736
81;163;1;2;2356
69;91;1;2;1472
28;166;1;2;1024
105;36;1;2;1082
113;21;1;2;1427
46;31;1;2;2406
109;21;1;2;1209
142;34;1;2;526
138;121;1;2;2552
108;149;1;2;1813
45;181;1;2;2127
153;49;1;2;1770
25;29;1;2;1335
49;133;1;2;1122
83;198;1;2;2494
63;43;1;2;1124
21;152;1;2;1544
31;93;1;2;529
157;182;1;2;2249
61;90;1;2;1997
26;134;1;2;529
154;38;1;2;1978
124;63;1;2;2006
11;63;1;2;2290
85;146;1;2;1087
179;8;1;2;130
55;180;1;2;633
199;10;1;2;1925
80;119;1;2;2458
129;131;1;2;1947

1;1;25;18
2;1;14;166
3;1;42;192
4;1;3;243
5;1;33;294
6;1;48;345
7;1;44;396
8;1;37;590
9;1;44;689
10;1;44;800
11;1;45;851
12;1;47;903
13;1;11;954
14;1;12;1005
15;1;44;1070
16;1;37;1276
17;1;29;1327
18;1;50;1399
19;1;37;1450
20;1;3;1565
21;1;24;1602
22;1;26;1653
23;1;21;1704
24;1;9;1755
25;1;39;1787
26;1;8;1837
27;1;28;1941
28;1;7;2083
29;1;45;2128
30;1;49;2179
31;1;50;2230
32;1;14;2437
33;1;5;2486
34;1;45;2615
35;1;24;2666
36;1;42;2717
37;1;18;2768
38;1;44;2983
39;1;46;3034
40;1;39;3085
41;1;24;3136
42;1;15;3187
43;1;43;3223
44;1;3;3311
45;1;4;3476
46;1;44;3569
47;1;13;3620
48;1;7;3657
49;1;44;3773
50;1;10;3911
*** EOF ***