**** 6 ****
100
144;108;1;2;215
143;86;1;2;150
160;84;1;2;3
143;161;1;2;52
86;168;1;2;226
191;193;1;2;151
135;177;1;2;11
113;185;1;2;53
155;42;1;2;144
184;140;1;2;55
189;36;1;2;12
104;130;1;2;149
157;90;1;2;132
62;184;1;2;44
167;69;1;2;11
43;11;1;2;103
96;98;1;2;132
8;162;1;2;66
61;116;1;2;157
5;99;1;2;148
161;40;1;2;235
175;95;1;2;165
27;51;1;2;6
161;65;1;2;39
56;31;1;2;209
69;25;1;2;220
75;121;1;2;69
9;80;1;2;130
175;140;1;2;95
134;97;1;2;96
184;9;1;2;185
22;183;1;2;179
189;161;1;2;82
45;122;1;2;146
84;129;1;2;128
95;149;1;2;4
117;23;1;2;176
36;31;1;2;155
116;157;1;2;97
112;42;1;2;43
110;178;1;2;151
195;151;1;2;35
126;139;1;2;198
108;183;1;2;169
106;18;1;2;49
86;112;1;2;247
91;29;1;2;72
167;16;1;2;154
75;132;1;2;163
122;195;1;2;106
65;104;1;2;133
168;50;1;2;35
5;175;1;2;23
3;35;1;2;205
74;140;1;2;74
73;178;1;2;136
173;20;1;2;166
95;138;1;2;233
151;12;1;2;14
164;133;1;2;58
171;149;1;2;63
106;68;1;2;112
192;73;1;2;89
15;27;1;2;223
173;101;1;2;114
147;125;1;2;141
185;97;1;2;12
3;143;1;2;200
37;94;1;2;211
153;57;1;2;246
64;179;1;2;96
77;85;1;2;164
92;28;1;2;86
81;194;1;2;14
104;118;1;2;164
170;65;1;2;39
14;1;1;2;237
76;156;1;2;230
76;144;1;2;23
40;96;1;2;131
88;111;1;2;60
84;188;1;2;44
148;79;1;2;73
36;111;1;2;216
103;166;1;2;134
117;135;1;2;150
8;100;1;2;0
148;176;1;2;107
78;3;1;2;152
53;194;1;2;50
84;81;1;2;210
94;117;1;2;49
140;16;1;2;179
13;52;1;2;189
32;106;1;2;6
16;22;1;2;143
16;182;1;2;92
120;81;1;2;117
180;158;1;2;122
182;162;1;2;215

1;1;12;121
2;1;11;249
3;1;12;349
4;1;3;1038
5;1;15;1047
6;1;8;1151
7;1;20;1748
8;1;25;1835
9;1;10;1933
10;1;7;2000
11;1;19;2086
12;1;1;2234
13;1;14;2571
14;1;2;2622
15;1;18;2795
16;1;8;2827
17;1;20;3103
18;1;24;3142
19;1;22;3388
20;1;3;3721
*** EOF ***