**** 13 ****
100
45;1;1;2;10
5;189;1;2;108
81;103;1;2;45
99;32;1;2;56
3;93;1;2;137
195;190;1;2;181
7;77;1;2;92
55;99;1;2;114
48;49;1;2;161
108;84;1;2;16
169;129;1;2;117
29;85;1;2;55
138;165;1;2;10
33;15;1;2;241
39;17;1;2;83
179;164;1;2;224
160;170;1;2;50
102;177;1;2;148
118;176;1;2;247
30;35;1;2;182
196;3;1;2;60
163;183;1;2;246
71;72;1;2;160
81;104;1;2;125
122;95;1;2;193
56;25;1;2;206
130;136;1;2;128
33;190;1;2;206
81;107;1;2;31
130;88;1;2;215
63;84;1;2;19
75;46;1;2;101
172;116;1;2;173
184;148;1;2;28
11;70;1;2;224
55;77;1;2;0
13;6;1;2;186
141;190;1;2;77
197;71;1;2;83
28;200;1;2;71
45;62;1;2;56
64;89;1;2;53
18;60;1;2;221
91;43;1;2;68
171;54;1;2;87
146;60;1;2;213
96;72;1;2;171
134;13;1;2;10
161;161;1;2;232
47;141;1;2;232
20;185;1;2;145
28;1;1;2;135
81;170;1;2;244
2;60;1;2;189
71;182;1;2;94
160;79;1;2;5
126;175;1;2;26
97;60;1;2;240
9;173;1;2;1
192;171;1;2;191
126;190;1;2;127
73;17;1;2;79
109;49;1;2;148
155;51;1;2;109
196;73;1;2;93
42;184;1;2;221
147;109;1;2;97
124;5;1;2;157
16;14;1;2;181
117;157;1;2;151
110;82;1;2;240
40;106;1;2;208
121;14;1;2;108
172;121;1;2;208
33;116;1;2;132
76;158;1;2;116
150;104;1;2;224
197;179;1;2;231
104;195;1;2;146
135;63;1;2;202
88;125;1;2;85
78;164;1;2;190
188;36;1;2;6
147;7;1;2;128
107;192;1;2;143
92;19;1;2;202
108;168;1;2;208
184;165;1;2;38
65;20;1;2;184
111;107;1;2;147
113;194;1;2;71
100;24;1;2;186
193;11;1;2;173
99;109;1;2;182
77;168;1;2;173
122;59;1;2;91
77;118;1;2;11
135;101;1;2;75
75;166;1;2;246
10;76;1;2;2

1;1;41;11
2;1;25;62
3;1;32;113
4;1;20;164
5;1;3;215
6;1;20;266
7;1;29;317
8;1;15;368
9;1;32;419
10;1;10;470
11;1;37;521
12;1;20;572
13;1;43;623
14;1;26;674
15;1;48;725
16;1;41;776
17;1;10;827
18;1;33;878
19;1;30;929
20;1;39;980
*** EOF ***