**** 14 ****
100
184;24;1;2;53
192;91;1;2;59
144;144;1;2;147
72;104;1;2;42
103;101;1;2;246
68;151;1;2;205
124;177;1;2;87
121;87;1;2;112
91;11;1;2;55
67;164;1;2;118
146;99;1;2;92
101;90;1;2;84
160;33;1;2;177
60;57;1;2;182
2;159;1;2;233
150;178;1;2;235
55;101;1;2;61
94;174;1;2;0
6;16;1;2;110
11;82;1;2;125
182;179;1;2;24
176;79;1;2;13
60;191;1;2;198
87;2;1;2;4
122;3;1;2;164
57;152;1;2;41
142;158;1;2;92
156;51;1;2;67
56;8;1;2;82
118;171;1;2;165
144;152;1;2;244
68;127;1;2;74
33;186;1;2;216
31;24;1;2;67
37;145;1;2;169
1;1;1;2;222
143;95;1;2;181
137;50;1;2;133
104;57;1;2;191
38;174;1;2;11
53;117;1;2;64
199;136;1;2;90
24;121;1;2;127
142;103;1;2;0
110;140;1;2;97
31;140;1;2;149
56;34;1;2;143
37;170;1;2;94
21;25;1;2;150
12;62;1;2;24
125;67;1;2;192
189;65;1;2;78
131;40;1;2;148
58;182;1;2;100
160;43;1;2;41
7;73;1;2;33
7;128;1;2;116
52;165;1;2;88
147;137;1;2;14
97;100;1;2;228
173;24;1;2;144
166;164;1;2;210
46;94;1;2;150
94;103;1;2;133
196;62;1;2;125
190;21;1;2;249
123;179;1;2;229
41;30;1;2;143
81;128;1;2;181
146;177;1;2;80
24;149;1;2;55
168;114;1;2;68
80;159;1;2;163
32;4;1;2;115
165;152;1;2;128
92;93;1;2;198
92;15;1;2;76
171;7;1;2;8
166;88;1;2;235
97;33;1;2;11
79;56;1;2;212
84;175;1;2;75
4;6;1;2;236
17;38;1;2;91
84;154;1;2;94
164;46;1;2;36
65;89;1;2;52
191;59;1;2;9
51;176;1;2;96
87;24;1;2;180
50;102;1;2;137
162;137;1;2;213
140;140;1;2;118
28;108;1;2;207
71;143;1;2;11
18;58;1;2;6
104;122;1;2;44
109;65;1;2;104
168;115;1;2;181
66;153;1;2;104

1;1;7;30
2;1;45;81
3;1;22;132
4;1;29;183
5;1;26;234
6;1;46;285
7;1;8;336
8;1;7;387
9;1;23;438
10;1;39;489
11;1;37;540
12;1;5;591
13;1;41;642
14;1;35;693
15;1;50;744
16;1;22;795
17;1;18;846
18;1;44;897
19;1;7;948
20;1;31;999
*** EOF ***