**** 7 ****
100
70;19;1;2;146
29;162;1;2;104
38;133;1;2;202
140;199;1;2;31
153;117;1;2;249
85;190;1;2;194
90;18;1;2;235
146;131;1;2;210
38;88;1;2;160
30;71;1;2;65
75;140;1;2;185
72;169;1;2;46
78;6;1;2;80
82;97;1;2;231
63;2;1;2;47
162;86;1;2;38
106;127;1;2;5
43;72;1;2;138
53;61;1;2;225
16;90;1;2;245
33;117;1;2;34
20;188;1;2;54
169;17;1;2;109
49;98;1;2;158
80;112;1;2;9
179;25;1;2;96
68;82;1;2;72
125;125;1;2;145
113;129;1;2;105
140;144;1;2;146
37;128;1;2;62
122;100;1;2;101
78;68;1;2;219
88;116;1;2;118
98;148;1;2;79
109;78;1;2;203
157;145;1;2;185
179;22;1;2;111
176;134;1;2;89
33;26;1;2;133
179;62;1;2;112
42;135;1;2;111
195;13;1;2;28
165;52;1;2;46
183;149;1;2;145
65;9;1;2;122
170;165;1;2;119
5;95;1;2;140
116;70;1;2;175
108;102;1;2;200
91;80;1;2;164
105;73;1;2;248
67;20;1;2;110
47;136;1;2;63
95;118;1;2;163
90;134;1;2;21
115;104;1;2;187
84;60;1;2;131
26;128;1;2;202
101;35;1;2;153
154;77;1;2;85
68;181;1;2;59
68;199;1;2;178
81;46;1;2;115
144;140;1;2;183
108;182;1;2;118
79;96;1;2;171
119;179;1;2;83
52;4;1;2;10
55;56;1;2;144
158;9;1;2;72
45;28;1;2;202
157;96;1;2;101
87;176;1;2;148
153;119;1;2;37
88;178;1;2;220
156;9;1;2;115
128;127;1;2;45
111;178;1;2;48
173;32;1;2;106
69;142;1;2;66
41;138;1;2;94
193;94;1;2;141
96;181;1;2;216
44;133;1;2;86
84;172;1;2;64
104;127;1;2;22
20;6;1;2;0
65;68;1;2;129
66;40;1;2;11
74;108;1;2;104
90;148;1;2;243
134;93;1;2;137
25;188;1;2;19
43;184;1;2;153
180;67;1;2;74
46;170;1;2;150
120;141;1;2;8
72;158;1;2;25
1;175;1;2;167

1;1;23;118
2;1;14;334
3;1;17;826
4;1;3;885
5;1;1;960
6;1;10;1017
7;1;23;1068
8;1;25;1341
9;1;2;1545
10;1;7;1555
11;1;15;1949
12;1;8;2112
13;1;8;2451
14;1;4;2516
15;1;18;3007
16;1;21;3293
17;1;20;3479
18;1;3;3623
19;1;9;3777
20;1;1;3866
*** EOF ***