**** 8 ****
100
7;188;1;2;131
186;175;1;2;209
67;51;1;2;131
92;168;1;2;16
182;166;1;2;198
143;64;1;2;169
106;166;1;2;105
102;142;1;2;190
38;130;1;2;143
129;14;1;2;30
125;20;1;2;219
56;6;1;2;143
67;24;1;2;43
51;67;1;2;60
167;200;1;2;177
117;143;1;2;191
139;200;1;2;158
144;102;1;2;150
34;91;1;2;131
27;19;1;2;194
157;96;1;2;14
26;103;1;2;121
69;170;1;2;146
114;20;1;2;12
174;138;1;2;211
104;54;1;2;203
145;144;1;2;155
55;87;1;2;156
107;72;1;2;148
89;98;1;2;219
83;6;1;2;214
49;183;1;2;116
172;3;1;2;135
118;116;1;2;106
130;42;1;2;193
94;145;1;2;49
199;41;1;2;92
104;95;1;2;31
62;2;1;2;202
111;90;1;2;102
130;124;1;2;157
196;125;1;2;42
12;96;1;2;194
150;14;1;2;10
106;95;1;2;0
152;188;1;2;147
3;139;1;2;87
197;42;1;2;83
78;56;1;2;36
183;166;1;2;77
137;47;1;2;151
96;42;1;2;225
38;5;1;2;22
183;154;1;2;235
195;12;1;2;80
48;115;1;2;119
45;117;1;2;57
34;113;1;2;151
69;143;1;2;56
106;77;1;2;23
183;13;1;2;21
136;108;1;2;162
61;146;1;2;16
186;80;1;2;72
171;74;1;2;83
3;121;1;2;49
175;117;1;2;65
132;102;1;2;29
35;170;1;2;223
193;75;1;2;99
68;58;1;2;111
189;193;1;2;121
151;6;1;2;68
70;191;1;2;147
142;113;1;2;72
177;116;1;2;142
126;42;1;2;208
143;125;1;2;209
72;160;1;2;80
48;104;1;2;155
147;172;1;2;214
11;160;1;2;158
182;111;1;2;65
2;132;1;2;207
149;73;1;2;70
121;1;1;2;187
165;126;1;2;178
125;20;1;2;202
186;91;1;2;13
16;138;1;2;167
121;37;1;2;38
187;47;1;2;147
46;180;1;2;9
13;181;1;2;140
171;81;1;2;214
41;1;1;2;64
130;117;1;2;91
108;41;1;2;110
162;26;1;2;3
176;193;1;2;242

1;1;23;352
2;1;10;469
3;1;17;525
4;1;23;677
5;1;11;990
6;1;2;1256
7;1;7;1390
8;1;1;1559
9;1;8;1933
10;1;3;2064
11;1;3;2271
12;1;20;2428
13;1;8;2932
14;1;24;3017
15;1;19;3110
16;1;13;3266
17;1;16;3480
18;1;1;3522
19;1;24;3536
20;1;16;3897
*** EOF ***