**** 11 ****
100
11;110;1;2;112
29;99;1;2;66
24;58;1;2;68
130;44;1;2;79
117;101;1;2;153
183;70;1;2;52
35;111;1;2;91
59;22;1;2;181
178;126;1;2;76
197;85;1;2;118
180;96;1;2;127
44;76;1;2;228
12;99;1;2;187
130;180;1;2;180
112;97;1;2;180
17;79;1;2;201
171;66;1;2;113
62;76;1;2;237
93;53;1;2;212
120;1;1;2;149
90;133;1;2;46
18;176;1;2;71
148;140;1;2;21
135;69;1;2;0
117;132;1;2;198
199;100;1;2;229
102;70;1;2;94
116;131;1;2;221
103;176;1;2;226
167;95;1;2;26
116;184;1;2;158
112;153;1;2;86
135;100;1;2;125
56;186;1;2;195
109;102;1;2;229
57;52;1;2;128
36;154;1;2;48
32;69;1;2;180
104;123;1;2;105
180;89;1;2;1
8;5;1;2;135
17;68;1;2;189
153;3;1;2;41
28;10;1;2;228
75;118;1;2;80
54;175;1;2;81
133;10;1;2;36
81;194;1;2;104
111;49;1;2;226
69;28;1;2;217
120;35;1;2;21
107;3;1;2;240
47;155;1;2;242
190;134;1;2;2
118;9;1;2;121
100;62;1;2;95
134;194;1;2;107
120;26;1;2;0
175;89;1;2;98
103;157;1;2;127
120;28;1;2;113
93;135;1;2;216
134;133;1;2;122
128;122;1;2;106
132;191;1;2;66
54;91;1;2;129
101;24;1;2;175
158;95;1;2;0
160;21;1;2;240
10;124;1;2;148
39;195;1;2;226
103;88;1;2;62
121;173;1;2;244
93;52;1;2;165
151;184;1;2;155
17;189;1;2;147
97;89;1;2;222
74;199;1;2;167
76;110;1;2;187
167;72;1;2;112
117;110;1;2;57
95;12;1;2;144
7;84;1;2;68
51;177;1;2;219
168;79;1;2;54
76;48;1;2;92
73;96;1;2;133
46;169;1;2;33
65;44;1;2;144
104;162;1;2;65
67;79;1;2;25
24;173;1;2;238
20;132;1;2;172
188;182;1;2;50
159;150;1;2;228
114;177;1;2;125
8;49;1;2;120
143;46;1;2;240
76;62;1;2;134
71;166;1;2;245

1;1;26;6
2;1;26;34
3;1;15;85
4;1;40;136
5;1;6;187
6;1;49;238
7;1;6;289
8;1;4;340
9;1;33;391
10;1;39;442
11;1;13;493
12;1;23;544
13;1;35;595
14;1;23;646
15;1;46;697
16;1;32;748
17;1;38;799
18;1;14;850
19;1;13;901
20;1;2;952
*** EOF ***