**** 15 ****
100
150;164;1;2;151
180;124;1;2;209
77;72;1;2;225
177;10;1;2;30
124;185;1;2;172
156;36;1;2;226
175;142;1;2;214
112;60;1;2;63
148;152;1;2;81
184;95;1;2;19
127;196;1;2;234
128;176;1;2;108
138;52;1;2;131
15;180;1;2;193
48;104;1;2;27
120;11;1;2;15
96;186;1;2;206
112;49;1;2;66
76;196;1;2;169
9;131;1;2;65
78;9;1;2;111
15;136;1;2;38
123;25;1;2;41
6;192;1;2;121
99;39;1;2;74
129;110;1;2;136
194;157;1;2;171
152;68;1;2;71
170;95;1;2;216
139;104;1;2;98
107;133;1;2;156
118;147;1;2;144
8;21;1;2;20
149;27;1;2;11
70;77;1;2;101
46;5;1;2;110
33;150;1;2;218
156;102;1;2;186
128;71;1;2;132
46;162;1;2;185
95;68;1;2;68
103;137;1;2;14
47;144;1;2;87
168;92;1;2;213
79;162;1;2;141
133;159;1;2;196
95;143;1;2;95
14;99;1;2;148
152;178;1;2;69
184;175;1;2;230
120;69;1;2;49
140;172;1;2;35
106;170;1;2;78
93;137;1;2;219
58;168;1;2;182
100;100;1;2;143
98;194;1;2;135
45;159;1;2;35
94;110;1;2;62
165;94;1;2;137
197;165;1;2;107
96;104;1;2;130
131;9;1;2;202
109;54;1;2;138
130;111;1;2;7
65;10;1;2;58
158;59;1;2;4
193;104;1;2;62
79;197;1;2;22
93;161;1;2;117
82;109;1;2;181
92;4;1;2;134
24;134;1;2;194
126;194;1;2;97
117;123;1;2;10
74;139;1;2;221
83;96;1;2;30
37;41;1;2;133
101;71;1;2;31
123;163;1;2;43
142;197;1;2;0
173;88;1;2;204
59;63;1;2;39
106;189;1;2;84
5;105;1;2;58
15;178;1;2;247
187;12;1;2;42
169;200;1;2;34
102;101;1;2;54
135;175;1;2;119
128;117;1;2;115
181;41;1;2;104
37;52;1;2;216
26;157;1;2;6
160;161;1;2;10
168;176;1;2;190
67;114;1;2;1
62;82;1;2;153
96;135;1;2;105
1;21;1;2;129

1;1;47;7
2;1;32;58
3;1;48;109
4;1;17;160
5;1;28;211
6;1;44;262
7;1;41;313
8;1;33;364
9;1;22;415
10;1;2;466
11;1;44;517
12;1;11;568
13;1;48;619
14;1;39;670
15;1;37;721
16;1;17;772
17;1;38;823
18;1;37;874
19;1;11;925
20;1;16;976
*** EOF ***