**** 9 ****
100
81;179;1;2;89
167;95;1;2;68
164;173;1;2;76
163;46;1;2;93
169;1;1;2;217
41;178;1;2;33
107;96;1;2;207
105;174;1;2;39
52;85;1;2;158
42;106;1;2;247
138;186;1;2;25
79;104;1;2;70
199;20;1;2;42
176;182;1;2;190
69;150;1;2;40
138;142;1;2;170
23;48;1;2;167
32;152;1;2;242
72;3;1;2;76
180;196;1;2;81
29;86;1;2;168
105;164;1;2;122
27;163;1;2;191
121;90;1;2;24
61;110;1;2;26
154;199;1;2;67
176;173;1;2;217
93;5;1;2;20
135;76;1;2;173
14;7;1;2;120
197;36;1;2;5
166;92;1;2;19
190;118;1;2;183
33;190;1;2;222
9;3;1;2;81
135;156;1;2;181
155;83;1;2;203
22;175;1;2;207
192;61;1;2;84
117;74;1;2;141
38;23;1;2;78
43;140;1;2;69
164;129;1;2;138
47;113;1;2;77
171;121;1;2;179
4;8;1;2;86
35;162;1;2;218
39;135;1;2;94
198;126;1;2;105
33;195;1;2;30
74;32;1;2;202
102;26;1;2;141
21;190;1;2;71
161;188;1;2;35
138;111;1;2;58
118;66;1;2;165
156;101;1;2;128
125;91;1;2;62
19;88;1;2;89
126;120;1;2;133
107;145;1;2;166
109;198;1;2;194
3;170;1;2;235
24;130;1;2;74
62;68;1;2;184
20;137;1;2;100
185;92;1;2;2
15;168;1;2;242
27;139;1;2;231
68;64;1;2;203
104;170;1;2;47
170;31;1;2;195
14;185;1;2;214
199;8;1;2;96
124;21;1;2;65
110;40;1;2;51
162;176;1;2;94
114;190;1;2;164
156;168;1;2;2
190;188;1;2;167
143;91;1;2;89
40;60;1;2;71
87;26;1;2;5
104;176;1;2;64
2;51;1;2;35
167;113;1;2;224
68;74;1;2;150
164;188;1;2;41
28;95;1;2;211
182;84;1;2;248
200;26;1;2;138
91;18;1;2;149
12;56;1;2;124
117;111;1;2;0
181;112;1;2;152
66;78;1;2;214
191;97;1;2;140
43;61;1;2;227
36;40;1;2;171
197;22;1;2;57

1;1;2;67
2;1;9;114
3;1;16;191
4;1;24;462
5;1;8;1137
6;1;5;1160
7;1;5;1538
8;1;21;1574
9;1;24;1989
10;1;11;2015
11;1;18;2136
12;1;20;2217
13;1;2;2243
14;1;25;2313
15;1;4;2393
16;1;20;2419
17;1;23;3349
18;1;16;3506
19;1;9;3905
20;1;20;3928
*** EOF ***