**** 25 ****
100
178;16;1;2;2094
190;79;1;2;1895
78;59;1;2;181
183;16;1;2;869
13;102;1;2;1661
95;6;1;2;2936
137;169;1;2;2338
134;101;1;2;2016
176;117;1;2;674
12;63;1;2;1313
152;192;1;2;1480
46;134;1;2;2311
94;11;1;2;369
27;146;1;2;2337
48;158;1;2;1238
109;4;1;2;1195
45;140;1;2;2963
136;73;1;2;1663
152;1;1;2;179
179;164;1;2;1194
92;116;1;2;2385
125;113;1;2;2918
36;158;1;2;481
157;136;1;2;1026
94;183;1;2;2735
84;91;1;2;538
79;88;1;2;1277
43;175;1;2;2701
58;126;1;2;453
38;104;1;2;617
32;148;1;2;84
169;24;1;2;948
40;59;1;2;2106
121;167;1;2;1793
99;13;1;2;176
34;48;1;2;2618
124;127;1;2;57
153;121;1;2;831
6;130;1;2;1309
60;167;1;2;2164
77;150;1;2;1711
161;71;1;2;2134
61;110;1;2;2744
119;30;1;2;1263
113;128;1;2;27
89;113;1;2;274
59;188;1;2;552
117;140;1;2;472
148;145;1;2;2402
9;156;1;2;520
174;32;1;2;2022
85;144;1;2;292
172;157;1;2;1953
68;75;1;2;782
131;187;1;2;1861
158;27;1;2;1925
33;86;1;2;1512
137;2;1;2;2603
10;101;1;2;1899
164;110;1;2;2855
36;83;1;2;438
10;119;1;2;734
54;90;1;2;1690
7;110;1;2;2764
141;40;1;2;103
154;150;1;2;2529
79;134;1;2;1014
143;70;1;2;1967
98;31;1;2;2868
198;146;1;2;2377
5;182;1;2;0
43;191;1;2;129
129;197;1;2;2571
171;3;1;2;1080
88;144;1;2;271
191;97;1;2;172
120;128;1;2;705
87;22;1;2;127
54;120;1;2;1557
122;117;1;2;2455
51;121;1;2;2636
62;115;1;2;2178
144;196;1;2;1374
67;166;1;2;2529
147;53;1;2;72
170;195;1;2;2920
143;67;1;2;647
200;153;1;2;1469
79;6;1;2;2340
189;80;1;2;1456
44;82;1;2;2728
32;96;1;2;594
162;39;1;2;1789
137;57;1;2;2355
18;155;1;2;2759
90;124;1;2;2754
162;18;1;2;2220
10;170;1;2;2524
31;48;1;2;2281
171;36;1;2;1360

1;1;39;48
2;1;16;122
3;1;20;201
4;1;8;348
5;1;1;545
6;1;15;622
7;1;11;646
8;1;5;677
9;1;9;705
10;1;11;772
11;1;45;884
12;1;30;935
13;1;45;986
14;1;1;1037
15;1;49;1088
16;1;13;1235
17;1;35;1286
18;1;4;1344
19;1;29;1371
20;1;29;1436
21;1;35;1487
22;1;2;1538
23;1;23;1589
24;1;27;1640
25;1;22;1691
26;1;18;1742
27;1;22;1793
28;1;22;1844
29;1;32;1895
30;1;50;1995
31;1;28;2046
32;1;36;2164
33;1;31;2215
34;1;9;2266
35;1;16;2561
36;1;3;2612
37;1;28;2802
38;1;22;2853
39;1;40;2904
40;1;27;2955
41;1;29;2983
42;1;50;3079
43;1;47;3130
44;1;16;3197
45;1;39;3339
46;1;42;3457
47;1;2;3508
48;1;47;3708
49;1;40;3914
50;1;38;3977
*** EOF ***