**** 93 ****
100
19;16;1;2;496
44;39;1;2;2021
9;48;1;2;605
29;31;1;2;837
13;5;1;2;415
1;17;1;2;290
19;30;1;2;1857
25;31;1;2;939
17;30;1;2;2515
25;20;1;2;494
42;41;1;2;9
39;34;1;2;1249
12;45;1;2;1247
17;25;1;2;2079
6;37;1;2;2885
22;37;1;2;1552
12;6;1;2;331
21;32;1;2;2563
12;48;1;2;1793
28;22;1;2;14
22;16;1;2;2754
33;4;1;2;1638
33;15;1;2;834
32;33;1;2;8
11;41;1;2;1795
48;12;1;2;1033
50;25;1;2;840
33;46;1;2;2071
47;7;1;2;2821
42;36;1;2;744
6;9;1;2;1909
11;42;1;2;1164
1;24;1;2;530
37;7;1;2;613
45;17;1;2;2953
42;14;1;2;1966
28;16;1;2;590
18;50;1;2;1387
40;46;1;2;2296
13;39;1;2;183
7;45;1;2;1192
17;7;1;2;35
31;9;1;2;610
12;45;1;2;1516
27;41;1;2;1832
32;35;1;2;2147
50;12;1;2;1014
40;29;1;2;1764
30;20;1;2;1311
26;32;1;2;1450
9;39;1;2;2546
3;7;1;2;1354
38;37;1;2;2512
48;50;1;2;1206
14;28;1;2;1148
48;9;1;2;782
48;8;1;2;1493
12;50;1;2;1474
28;29;1;2;2443
42;6;1;2;1927
42;14;1;2;2965
40;17;1;2;2171
44;6;1;2;709
6;4;1;2;1759
14;19;1;2;988
14;17;1;2;647
47;14;1;2;756
42;27;1;2;1555
16;7;1;2;2135
12;48;1;2;1440
39;41;1;2;0
6;32;1;2;2024
29;25;1;2;1529
38;32;1;2;2132
49;47;1;2;2701
38;10;1;2;2419
37;6;1;2;434
43;50;1;2;1112
1;15;1;2;218
38;28;1;2;2767
29;18;1;2;1209
35;23;1;2;1090
9;1;1;2;764
40;41;1;2;447
23;39;1;2;993
26;28;1;2;1255
45;16;1;2;1662
31;11;1;2;1061
43;11;1;2;1278
12;48;1;2;1755
31;28;1;2;1773
41;14;1;2;1295
31;24;1;2;198
48;14;1;2;1838
47;36;1;2;2678
41;13;1;2;708
46;9;1;2;2573
10;39;1;2;383
22;31;1;2;2045
50;44;1;2;695

1;1;15;104
2;1;25;155
3;1;39;219
4;1;26;270
5;1;30;326
6;1;22;443
7;1;13;556
8;1;30;777
9;1;45;839
10;1;32;939
11;1;45;990
12;1;18;1060
13;1;30;1104
14;1;31;1305
15;1;23;1373
16;1;46;1515
17;1;47;1566
18;1;2;1617
19;1;38;1668
20;1;23;1719
21;1;4;1770
22;1;25;1821
23;1;1;1864
24;1;27;2239
25;1;45;2493
26;1;9;2544
27;1;46;2595
28;1;17;2646
29;1;35;2697
30;1;14;2748
31;1;29;2799
32;1;3;2850
33;1;42;2901
34;1;30;2952
35;1;38;3003
36;1;22;3054
37;1;4;3105
38;1;28;3172
39;1;46;3223
40;1;8;3274
41;1;20;3326
42;1;17;3515
43;1;30;3658
44;1;28;3709
45;1;24;3787
46;1;28;3888
47;1;41;3920
48;1;50;3971
49;1;12;4022
50;1;20;4073
*** EOF ***