**** 3 ****
100
9;13;1;2;15
17;6;1;2;16
15;6;1;2;16
14;19;1;2;13
12;14;1;2;18
3;19;1;2;28
10;16;1;2;12
4;13;1;2;32
18;13;1;2;26
7;13;1;2;17
8;2;1;2;21
3;10;1;2;6
20;16;1;2;12
8;1;1;2;2
14;13;1;2;35
12;7;1;2;26
12;8;1;2;33
5;11;1;2;6
9;9;1;2;38
15;7;1;2;22
4;14;1;2;15
5;17;1;2;25
3;8;1;2;32
7;15;1;2;13
9;8;1;2;17
17;11;1;2;35
3;3;1;2;22
16;19;1;2;5
14;7;1;2;25
4;1;1;2;31
7;4;1;2;5
2;20;1;2;33
19;2;1;2;20
12;9;1;2;6
17;9;1;2;6
6;5;1;2;36
1;19;1;2;30
15;7;1;2;8
20;12;1;2;26
17;16;1;2;6
9;14;1;2;21
6;7;1;2;20
19;18;1;2;34
19;9;1;2;34
5;17;1;2;22
3;14;1;2;19
20;6;1;2;9
2;20;1;2;27
11;12;1;2;39
9;8;1;2;34
16;8;1;2;19
9;13;1;2;25
2;11;1;2;22
8;1;1;2;2
2;18;1;2;10
16;20;1;2;23
7;11;1;2;28
17;13;1;2;0
4;15;1;2;31
3;3;1;2;10
9;10;1;2;10
20;19;1;2;2
6;20;1;2;5
20;7;1;2;5
15;20;1;2;2
5;7;1;2;34
1;14;1;2;24
9;2;1;2;36
9;5;1;2;30
12;20;1;2;25
15;20;1;2;34
5;20;1;2;32
7;17;1;2;23
12;8;1;2;1
18;14;1;2;0
12;11;1;2;27
6;11;1;2;12
11;19;1;2;13
19;20;1;2;9
2;11;1;2;0
7;5;1;2;20
1;9;1;2;31
14;8;1;2;19
9;19;1;2;38
11;8;1;2;12
11;12;1;2;22
10;17;1;2;4
2;19;1;2;2
15;18;1;2;1
5;11;1;2;24
17;17;1;2;0
17;17;1;2;29
20;2;1;2;16
11;11;1;2;6
2;1;1;2;6
6;3;1;2;17
20;5;1;2;25
4;18;1;2;24
18;13;1;2;33
12;9;1;2;3

1;1;5;80
2;1;8;110
3;1;6;164
4;1;8;228
5;1;3;284
6;1;3;288
7;1;10;426
8;1;3;474
9;1;4;486
10;1;9;760
11;1;2;792
12;1;8;998
13;1;5;1059
14;1;5;1070
15;1;7;1087
16;1;6;1260
17;1;5;1300
18;1;2;1392
19;1;9;1516
20;1;5;1527
*** EOF ***