**** 12 ****
100
12;9;1;2;89
3;5;1;2;58
20;10;1;2;85
9;7;1;2;40
15;19;1;2;9
20;6;1;2;83
11;16;1;2;44
2;19;1;2;64
9;7;1;2;49
13;2;1;2;13
9;6;1;2;41
11;8;1;2;17
1;19;1;2;6
7;7;1;2;52
19;13;1;2;63
1;12;1;2;80
16;15;1;2;27
1;8;1;2;25
5;16;1;2;83
6;20;1;2;57
19;9;1;2;62
13;11;1;2;61
2;11;1;2;79
9;17;1;2;77
13;8;1;2;29
8;8;1;2;32
8;3;1;2;6
7;3;1;2;93
12;19;1;2;0
8;4;1;2;0
5;15;1;2;40
19;19;1;2;10
20;20;1;2;20
11;20;1;2;9
20;13;1;2;16
1;12;1;2;55
13;12;1;2;57
12;18;1;2;72
17;2;1;2;62
18;9;1;2;26
18;13;1;2;32
10;3;1;2;70
20;14;1;2;61
20;16;1;2;61
1;15;1;2;25
17;15;1;2;68
12;19;1;2;19
2;10;1;2;9
6;19;1;2;10
8;16;1;2;58
6;5;1;2;62
18;14;1;2;84
20;5;1;2;89
14;4;1;2;4
15;17;1;2;58
12;13;1;2;84
20;17;1;2;62
12;18;1;2;4
1;15;1;2;54
11;2;1;2;9
1;8;1;2;25
15;17;1;2;90
11;9;1;2;14
20;2;1;2;69
4;8;1;2;65
2;11;1;2;18
18;10;1;2;86
12;13;1;2;75
8;13;1;2;9
2;15;1;2;50
3;15;1;2;29
8;9;1;2;78
18;19;1;2;66
4;18;1;2;59
14;13;1;2;18
19;14;1;2;68
9;3;1;2;29
15;15;1;2;22
10;2;1;2;6
19;16;1;2;41
2;18;1;2;87
11;18;1;2;8
1;7;1;2;38
7;11;1;2;68
18;4;1;2;0
16;2;1;2;46
4;3;1;2;88
6;17;1;2;94
20;19;1;2;16
6;9;1;2;63
19;10;1;2;40
19;13;1;2;77
7;13;1;2;64
5;12;1;2;66
5;9;1;2;49
6;5;1;2;82
4;20;1;2;84
12;17;1;2;93
19;16;1;2;31
7;14;1;2;59

1;1;6;73
2;1;12;94
3;1;18;115
4;1;10;134
5;1;2;155
6;1;14;203
7;1;11;222
8;1;1;271
9;1;2;298
10;1;13;459
11;1;2;479
12;1;5;490
13;1;6;530
14;1;17;539
15;1;9;560
16;1;14;574
17;1;9;594
18;1;7;691
19;1;14;745
20;1;9;829
21;1;16;870
22;1;11;907
23;1;10;928
24;1;4;949
25;1;7;970
26;1;14;991
27;1;8;1012
28;1;4;1033
29;1;3;1055
30;1;13;1143
31;1;9;1164
32;1;12;1185
33;1;12;1206
34;1;9;1227
35;1;2;1248
36;1;13;1269
37;1;18;1290
38;1;14;1349
39;1;17;1408
40;1;11;1577
*** EOF ***