**** 9 ****
100
19;8;1;2;2
6;11;1;2;19
4;9;1;2;34
11;17;1;2;8
2;3;1;2;9
10;9;1;2;23
13;18;1;2;17
16;4;1;2;15
1;15;1;2;30
10;3;1;2;14
6;2;1;2;34
1;19;1;2;4
12;2;1;2;25
6;4;1;2;1
7;6;1;2;16
16;7;1;2;16
12;19;1;2;34
9;7;1;2;17
16;19;1;2;23
6;8;1;2;25
12;5;1;2;38
6;17;1;2;8
11;9;1;2;1
8;6;1;2;25
1;12;1;2;10
17;20;1;2;36
6;3;1;2;26
20;11;1;2;4
9;18;1;2;2
12;3;1;2;29
9;14;1;2;6
20;12;1;2;22
20;14;1;2;10
2;1;1;2;36
7;1;1;2;19
9;10;1;2;10
17;15;1;2;32
3;6;1;2;14
8;14;1;2;11
10;17;1;2;5
12;17;1;2;19
10;8;1;2;22
12;8;1;2;35
15;9;1;2;35
3;7;1;2;7
2;15;1;2;16
13;11;1;2;22
17;5;1;2;27
12;4;1;2;0
3;6;1;2;28
9;17;1;2;25
20;6;1;2;4
2;9;1;2;31
9;3;1;2;19
4;17;1;2;17
3;19;1;2;11
20;3;1;2;13
2;11;1;2;18
2;2;1;2;21
2;17;1;2;26
3;17;1;2;14
20;16;1;2;31
4;9;1;2;12
16;9;1;2;6
7;4;1;2;3
5;6;1;2;13
8;17;1;2;7
14;11;1;2;17
12;12;1;2;19
5;5;1;2;7
4;7;1;2;3
10;18;1;2;10
14;2;1;2;18
6;9;1;2;38
12;15;1;2;1
7;11;1;2;26
20;11;1;2;3
7;4;1;2;25
17;7;1;2;16
8;11;1;2;32
15;6;1;2;39
18;8;1;2;36
8;1;1;2;29
18;18;1;2;17
16;9;1;2;4
17;8;1;2;14
15;7;1;2;4
10;6;1;2;19
15;2;1;2;5
3;1;1;2;8
16;15;1;2;5
7;12;1;2;12
3;11;1;2;12
5;8;1;2;9
2;15;1;2;10
6;11;1;2;17
13;17;1;2;35
9;7;1;2;0
9;13;1;2;33
6;16;1;2;33

1;1;10;38
2;1;7;49
3;1;10;191
4;1;1;289
5;1;3;298
6;1;6;502
7;1;10;520
8;1;4;531
9;1;3;708
10;1;1;802
11;1;1;813
12;1;2;1065
13;1;6;1136
14;1;5;1257
15;1;9;1279
16;1;2;1340
17;1;10;1351
18;1;1;1395
19;1;10;1452
20;1;1;1487
*** EOF ***