**** 11 ****
100
1;13;1;2;95
20;8;1;2;81
8;8;1;2;15
15;8;1;2;51
15;18;1;2;7
6;18;1;2;2
13;7;1;2;83
19;18;1;2;17
19;14;1;2;77
6;20;1;2;12
14;1;1;2;36
9;20;1;2;55
2;19;1;2;43
9;14;1;2;70
20;20;1;2;20
20;5;1;2;17
2;9;1;2;43
5;7;1;2;52
14;18;1;2;78
11;3;1;2;77
15;8;1;2;77
4;16;1;2;49
19;9;1;2;7
14;17;1;2;52
17;17;1;2;51
17;16;1;2;68
14;9;1;2;56
9;13;1;2;75
2;7;1;2;32
20;9;1;2;14
9;4;1;2;81
7;7;1;2;28
8;17;1;2;36
15;11;1;2;24
20;19;1;2;40
3;15;1;2;47
11;20;1;2;95
8;8;1;2;20
3;1;1;2;38
7;12;1;2;26
13;1;1;2;1
6;7;1;2;47
14;14;1;2;76
2;20;1;2;78
6;11;1;2;76
19;14;1;2;90
18;4;1;2;89
6;3;1;2;68
6;17;1;2;29
16;3;1;2;0
2;7;1;2;60
4;12;1;2;38
3;17;1;2;83
11;18;1;2;55
9;16;1;2;5
5;6;1;2;38
7;15;1;2;74
8;20;1;2;16
17;17;1;2;45
18;12;1;2;39
10;6;1;2;66
3;9;1;2;57
1;3;1;2;94
17;14;1;2;63
12;2;1;2;38
17;19;1;2;15
16;5;1;2;90
2;5;1;2;61
18;13;1;2;98
15;10;1;2;41
15;19;1;2;66
1;13;1;2;26
10;6;1;2;69
4;2;1;2;22
8;13;1;2;15
18;9;1;2;73
14;16;1;2;90
16;17;1;2;54
17;7;1;2;86
7;1;1;2;15
1;15;1;2;45
7;7;1;2;90
6;17;1;2;35
15;20;1;2;16
9;19;1;2;88
4;9;1;2;8
10;14;1;2;64
20;9;1;2;32
14;17;1;2;78
20;4;1;2;51
7;4;1;2;85
4;2;1;2;52
14;7;1;2;60
9;13;1;2;51
5;13;1;2;90
5;17;1;2;70
14;18;1;2;3
10;17;1;2;83
2;10;1;2;19
13;1;1;2;14

1;1;6;45
2;1;12;135
3;1;13;212
4;1;15;233
5;1;1;269
6;1;2;372
7;1;10;513
8;1;7;566
9;1;19;598
10;1;11;643
11;1;1;656
12;1;7;662
13;1;13;749
14;1;7;771
15;1;16;823
16;1;7;889
17;1;6;918
18;1;7;944
19;1;16;958
20;1;12;1067
21;1;6;1088
22;1;8;1137
23;1;13;1151
24;1;1;1189
25;1;15;1241
26;1;19;1262
27;1;20;1283
28;1;16;1320
29;1;8;1337
30;1;1;1381
31;1;5;1383
32;1;2;1423
33;1;12;1436
34;1;2;1483
35;1;4;1506
36;1;9;1514
37;1;13;1534
38;1;16;1555
39;1;1;1576
40;1;8;1594
*** EOF ***