**** 99 ****
100
29;15;1;2;401
38;24;1;2;2709
48;8;1;2;1936
39;20;1;2;381
1;49;1;2;2212
4;47;1;2;1229
24;10;1;2;132
15;7;1;2;2104
44;20;1;2;2351
4;1;1;2;2795
47;30;1;2;361
49;19;1;2;684
10;18;1;2;2091
48;9;1;2;1513
31;9;1;2;111
43;13;1;2;2709
25;38;1;2;619
9;2;1;2;425
13;47;1;2;2646
16;2;1;2;946
13;49;1;2;2277
24;49;1;2;2945
8;10;1;2;2815
1;8;1;2;1223
16;40;1;2;2581
28;35;1;2;895
39;9;1;2;1284
8;19;1;2;887
35;33;1;2;184
31;48;1;2;2685
30;12;1;2;2735
7;35;1;2;383
5;44;1;2;2043
20;46;1;2;1002
43;12;1;2;641
24;41;1;2;525
22;29;1;2;2235
6;39;1;2;255
44;23;1;2;2337
30;4;1;2;2536
15;33;1;2;647
1;41;1;2;0
36;45;1;2;2076
31;14;1;2;2522
33;8;1;2;585
27;34;1;2;2025
4;5;1;2;1255
42;12;1;2;1543
47;5;1;2;666
37;34;1;2;1621
23;1;1;2;2355
21;3;1;2;2145
4;38;1;2;1290
33;21;1;2;2955
5;5;1;2;2013
40;31;1;2;1396
17;37;1;2;2000
22;30;1;2;2813
16;28;1;2;668
32;14;1;2;2803
5;39;1;2;2553
10;9;1;2;357
5;14;1;2;1895
45;46;1;2;1617
3;2;1;2;2821
16;41;1;2;854
12;9;1;2;2592
14;31;1;2;1271
27;46;1;2;498
47;29;1;2;2964
1;33;1;2;1852
6;42;1;2;1162
14;46;1;2;925
11;43;1;2;923
28;45;1;2;324
1;12;1;2;67
5;25;1;2;2175
47;38;1;2;2257
20;16;1;2;1152
19;15;1;2;582
35;17;1;2;1464
37;22;1;2;857
49;35;1;2;555
26;47;1;2;2199
49;26;1;2;2393
26;27;1;2;1206
45;33;1;2;2330
20;30;1;2;2117
30;1;1;2;1084
32;21;1;2;2548
17;5;1;2;664
33;41;1;2;1338
41;39;1;2;1574
48;15;1;2;621
47;15;1;2;446
42;40;1;2;872
48;36;1;2;105
28;6;1;2;736
47;35;1;2;1036
33;18;1;2;2209

1;1;44;66
2;1;11;135
3;1;27;480
4;1;5;623
5;1;32;880
6;1;11;931
7;1;10;1027
8;1;4;1088
9;1;39;1139
10;1;17;1190
11;1;6;1241
12;1;6;1273
13;1;38;1287
14;1;17;1551
15;1;8;1621
16;1;9;1717
17;1;15;1855
18;1;11;1906
19;1;20;1957
20;1;21;2008
21;1;12;2057
22;1;44;2111
23;1;38;2213
24;1;34;2264
25;1;38;2315
26;1;20;2366
27;1;36;2422
28;1;18;2476
29;1;48;2518
30;1;41;2604
31;1;19;2739
32;1;21;2888
33;1;34;2939
34;1;21;2990
35;1;28;3041
36;1;27;3092
37;1;49;3143
38;1;36;3194
39;1;46;3245
40;1;36;3296
41;1;19;3347
42;1;2;3450
43;1;27;3523
44;1;2;3574
45;1;11;3625
46;1;26;3676
47;1;45;3727
48;1;13;3778
49;1;1;3956
50;1;47;3960
*** EOF ***