**** 8 ****
100
11;15;1;2;21
15;7;1;2;30
7;1;1;2;32
1;19;1;2;19
4;10;1;2;28
11;18;1;2;15
14;14;1;2;1
8;4;1;2;32
15;17;1;2;20
13;6;1;2;12
18;9;1;2;26
11;3;1;2;13
1;2;1;2;5
5;2;1;2;23
4;18;1;2;4
5;20;1;2;2
20;13;1;2;15
14;12;1;2;31
18;18;1;2;39
10;10;1;2;16
2;19;1;2;4
8;2;1;2;7
13;2;1;2;28
18;19;1;2;1
1;14;1;2;10
6;18;1;2;29
20;10;1;2;13
7;15;1;2;24
18;12;1;2;21
9;1;1;2;23
6;14;1;2;33
10;1;1;2;34
17;14;1;2;8
17;3;1;2;26
11;4;1;2;19
1;1;1;2;9
3;12;1;2;18
16;18;1;2;24
1;8;1;2;35
14;16;1;2;7
9;1;1;2;0
3;11;1;2;32
17;19;1;2;5
5;8;1;2;20
3;18;1;2;3
3;10;1;2;15
4;12;1;2;26
2;20;1;2;35
18;12;1;2;2
13;5;1;2;30
20;14;1;2;30
12;16;1;2;32
4;4;1;2;3
10;1;1;2;10
10;3;1;2;39
5;5;1;2;20
12;8;1;2;24
10;1;1;2;23
5;18;1;2;34
20;2;1;2;30
10;13;1;2;35
12;4;1;2;10
5;8;1;2;6
20;9;1;2;6
2;10;1;2;28
13;14;1;2;5
13;17;1;2;24
9;6;1;2;17
12;10;1;2;6
18;1;1;2;20
1;10;1;2;32
16;2;1;2;36
19;18;1;2;23
5;17;1;2;31
3;18;1;2;32
11;10;1;2;37
8;14;1;2;13
5;3;1;2;10
14;6;1;2;39
20;4;1;2;0
20;4;1;2;1
5;11;1;2;2
1;9;1;2;11
16;13;1;2;7
19;15;1;2;16
11;18;1;2;37
8;17;1;2;11
13;13;1;2;25
3;6;1;2;30
14;18;1;2;5
6;9;1;2;20
8;13;1;2;31
2;5;1;2;39
14;20;1;2;4
1;10;1;2;10
10;20;1;2;39
7;19;1;2;16
10;11;1;2;28
15;13;1;2;6
18;7;1;2;3

1;1;3;91
2;1;1;102
3;1;8;145
4;1;2;156
5;1;7;183
6;1;4;191
7;1;8;206
8;1;10;365
9;1;4;396
10;1;5;603
11;1;5;999
12;1;3;1013
13;1;3;1070
14;1;2;1167
15;1;9;1180
16;1;6;1216
17;1;7;1243
18;1;2;1315
19;1;10;1568
20;1;3;1586
*** EOF ***