**** 15 ****
100
14;4;1;2;81
16;15;1;2;43
2;10;1;2;68
6;11;1;2;29
19;11;1;2;80
18;1;1;2;28
15;2;1;2;42
17;14;1;2;59
16;1;1;2;73
7;10;1;2;16
12;3;1;2;71
13;10;1;2;86
8;3;1;2;7
17;8;1;2;97
18;19;1;2;68
19;8;1;2;80
19;14;1;2;81
1;11;1;2;46
13;18;1;2;58
6;4;1;2;67
14;7;1;2;81
6;12;1;2;70
4;19;1;2;92
11;7;1;2;71
20;5;1;2;81
20;3;1;2;0
20;1;1;2;14
13;14;1;2;76
11;6;1;2;33
9;3;1;2;88
16;8;1;2;86
17;13;1;2;57
19;8;1;2;48
3;10;1;2;74
7;10;1;2;70
8;1;1;2;12
9;13;1;2;85
15;5;1;2;30
11;8;1;2;55
4;16;1;2;89
4;4;1;2;96
10;12;1;2;1
8;11;1;2;88
16;5;1;2;18
2;11;1;2;39
13;19;1;2;71
17;19;1;2;43
14;13;1;2;40
4;3;1;2;7
11;18;1;2;2
20;1;1;2;45
17;2;1;2;69
18;1;1;2;39
18;8;1;2;3
8;10;1;2;86
19;14;1;2;64
11;10;1;2;94
6;16;1;2;86
6;19;1;2;20
13;10;1;2;29
16;9;1;2;1
13;17;1;2;22
2;6;1;2;3
13;4;1;2;90
9;3;1;2;11
15;2;1;2;84
11;4;1;2;26
5;9;1;2;73
3;7;1;2;51
3;19;1;2;20
4;6;1;2;21
5;11;1;2;49
7;12;1;2;55
2;17;1;2;30
5;5;1;2;44
16;11;1;2;85
13;1;1;2;80
11;17;1;2;21
4;19;1;2;47
15;13;1;2;17
8;16;1;2;83
1;20;1;2;93
10;18;1;2;16
17;12;1;2;44
19;16;1;2;80
4;3;1;2;10
1;15;1;2;2
14;17;1;2;50
15;20;1;2;88
14;7;1;2;92
11;6;1;2;39
6;6;1;2;78
11;7;1;2;88
20;16;1;2;19
4;14;1;2;66
5;17;1;2;88
7;10;1;2;75
10;3;1;2;51
12;17;1;2;91
1;2;1;2;49

1;1;13;11
2;1;14;51
3;1;2;100
4;1;14;128
5;1;16;149
6;1;5;170
7;1;10;180
8;1;18;191
9;1;5;212
10;1;3;322
11;1;11;353
12;1;11;374
13;1;7;395
14;1;5;416
15;1;20;500
16;1;1;537
17;1;16;607
18;1;18;628
19;1;4;675
20;1;13;754
21;1;12;782
22;1;8;799
23;1;2;895
24;1;15;934
25;1;7;964
26;1;18;1010
27;1;6;1089
28;1;8;1140
29;1;6;1179
30;1;3;1258
31;1;2;1332
32;1;18;1382
33;1;12;1429
34;1;15;1450
35;1;5;1499
36;1;8;1522
37;1;14;1535
38;1;5;1556
39;1;10;1577
40;1;20;1591
*** EOF ***