**** 24 ****
100
14;8;1;2;64
8;3;1;2;28
4;11;1;2;31
20;18;1;2;73
1;7;1;2;51
20;12;1;2;62
8;11;1;2;14
13;3;1;2;1
6;8;1;2;59
19;12;1;2;94
6;17;1;2;62
2;4;1;2;4
10;20;1;2;94
13;19;1;2;92
7;11;1;2;70
10;10;1;2;73
12;10;1;2;44
6;14;1;2;86
19;19;1;2;25
18;17;1;2;76
12;15;1;2;32
6;16;1;2;88
11;18;1;2;7
17;10;1;2;97
1;8;1;2;28
11;17;1;2;69
5;8;1;2;50
1;5;1;2;43
19;15;1;2;42
4;12;1;2;38
20;16;1;2;44
12;1;1;2;72
12;3;1;2;49
19;12;1;2;58
9;12;1;2;78
17;15;1;2;54
18;11;1;2;54
9;11;1;2;90
12;9;1;2;65
6;12;1;2;36
17;3;1;2;3
1;6;1;2;76
13;18;1;2;10
2;16;1;2;1
13;16;1;2;45
11;12;1;2;59
17;10;1;2;69
3;10;1;2;71
14;13;1;2;51
19;19;1;2;34
7;15;1;2;96
11;15;1;2;21
19;20;1;2;50
9;1;1;2;38
11;5;1;2;33
8;7;1;2;65
7;16;1;2;6
8;18;1;2;7
11;11;1;2;59
2;1;1;2;57
8;8;1;2;91
16;10;1;2;58
9;8;1;2;77
20;8;1;2;49
18;10;1;2;86
11;17;1;2;12
8;3;1;2;87
6;2;1;2;17
13;12;1;2;87
13;5;1;2;68
10;4;1;2;47
14;19;1;2;76
4;20;1;2;35
13;19;1;2;82
14;8;1;2;72
20;18;1;2;0
5;18;1;2;23
4;3;1;2;16
1;16;1;2;0
9;20;1;2;24
9;9;1;2;80
16;14;1;2;10
4;17;1;2;89
11;1;1;2;67
13;15;1;2;86
17;14;1;2;24
18;10;1;2;53
13;14;1;2;75
9;14;1;2;2
1;14;1;2;41
18;2;1;2;2
18;9;1;2;27
8;4;1;2;76
18;14;1;2;76
17;19;1;2;30
4;15;1;2;76
20;4;1;2;25
13;16;1;2;70
20;17;1;2;24
15;17;1;2;29

1;1;11;6
2;1;10;27
3;1;13;48
4;1;5;69
5;1;20;90
6;1;10;111
7;1;17;132
8;1;15;153
9;1;9;174
10;1;5;195
11;1;18;216
12;1;15;237
13;1;8;258
14;1;13;279
15;1;17;300
16;1;20;321
17;1;6;342
18;1;16;363
19;1;15;384
20;1;14;405
21;1;4;426
22;1;12;447
23;1;14;468
24;1;16;489
25;1;16;510
26;1;3;531
27;1;18;552
28;1;2;573
29;1;6;594
30;1;7;615
31;1;20;636
32;1;8;657
33;1;1;678
34;1;20;699
35;1;6;720
36;1;11;741
37;1;2;762
38;1;14;783
39;1;11;804
40;1;14;825
*** EOF ***