**** 6 ****
100
10;19;1;2;25
13;12;1;2;36
17;4;1;2;39
19;10;1;2;36
10;14;1;2;23
16;7;1;2;32
4;6;1;2;38
12;10;1;2;35
18;3;1;2;33
18;5;1;2;0
10;6;1;2;19
15;10;1;2;22
12;7;1;2;25
3;17;1;2;7
12;18;1;2;32
15;13;1;2;18
20;16;1;2;15
18;8;1;2;24
6;17;1;2;7
19;14;1;2;23
19;16;1;2;21
10;10;1;2;10
13;13;1;2;16
10;16;1;2;5
17;19;1;2;22
2;13;1;2;15
20;12;1;2;2
8;2;1;2;9
12;7;1;2;18
11;5;1;2;11
15;15;1;2;6
16;5;1;2;28
18;9;1;2;0
7;18;1;2;27
12;7;1;2;25
14;8;1;2;10
1;19;1;2;13
4;18;1;2;34
5;10;1;2;20
3;20;1;2;36
7;6;1;2;11
5;13;1;2;27
13;11;1;2;35
6;17;1;2;4
5;8;1;2;30
3;13;1;2;9
5;14;1;2;0
18;17;1;2;17
13;1;1;2;38
5;4;1;2;38
14;2;1;2;15
5;6;1;2;8
12;11;1;2;18
19;16;1;2;14
3;12;1;2;33
6;14;1;2;25
15;18;1;2;38
7;8;1;2;26
17;12;1;2;7
15;16;1;2;22
5;1;1;2;3
1;17;1;2;20
9;20;1;2;30
19;18;1;2;17
5;1;1;2;9
18;6;1;2;22
3;12;1;2;12
2;11;1;2;39
20;7;1;2;2
7;1;1;2;9
1;18;1;2;10
16;18;1;2;6
17;18;1;2;26
7;8;1;2;23
5;12;1;2;35
6;9;1;2;20
20;11;1;2;12
12;4;1;2;34
3;4;1;2;0
17;2;1;2;12
7;3;1;2;29
17;10;1;2;26
3;6;1;2;35
1;5;1;2;2
17;1;1;2;13
12;6;1;2;13
13;5;1;2;36
17;9;1;2;39
11;3;1;2;34
11;20;1;2;28
3;6;1;2;2
13;14;1;2;31
11;8;1;2;17
19;9;1;2;13
13;5;1;2;13
19;16;1;2;18
12;20;1;2;34
8;16;1;2;34
20;18;1;2;17
14;8;1;2;8

1;1;8;134
2;1;10;146
3;1;10;457
4;1;1;525
5;1;9;631
6;1;4;710
7;1;9;858
8;1;3;869
9;1;7;921
10;1;10;932
11;1;9;952
12;1;9;1114
13;1;3;1206
14;1;4;1217
15;1;3;1374
16;1;1;1474
17;1;5;1490
18;1;7;1523
19;1;2;1542
20;1;6;1583
*** EOF ***