**** 19 ****
100
12;8;1;2;44
15;12;1;2;97
4;20;1;2;96
15;3;1;2;15
3;18;1;2;82
3;13;1;2;40
7;9;1;2;12
11;19;1;2;47
1;3;1;2;18
1;12;1;2;63
16;16;1;2;50
20;10;1;2;93
18;5;1;2;85
14;12;1;2;67
10;14;1;2;96
4;9;1;2;20
17;15;1;2;69
9;17;1;2;67
8;17;1;2;41
18;9;1;2;64
2;4;1;2;11
4;16;1;2;60
10;13;1;2;17
15;18;1;2;8
14;19;1;2;13
10;3;1;2;93
10;11;1;2;87
11;11;1;2;76
10;19;1;2;44
3;8;1;2;13
20;1;1;2;56
11;5;1;2;23
4;14;1;2;7
13;20;1;2;5
13;13;1;2;83
6;14;1;2;77
12;15;1;2;27
11;6;1;2;50
7;7;1;2;88
12;10;1;2;67
5;1;1;2;48
13;11;1;2;32
9;14;1;2;17
16;6;1;2;88
1;18;1;2;60
17;16;1;2;33
6;7;1;2;79
6;17;1;2;64
16;16;1;2;63
16;7;1;2;64
3;3;1;2;84
11;7;1;2;34
15;15;1;2;80
4;11;1;2;85
12;3;1;2;15
4;11;1;2;30
9;17;1;2;28
9;14;1;2;44
5;9;1;2;59
8;16;1;2;17
12;18;1;2;31
8;1;1;2;58
3;7;1;2;24
3;11;1;2;34
20;14;1;2;49
15;18;1;2;99
17;6;1;2;67
5;6;1;2;80
2;11;1;2;40
13;10;1;2;35
3;14;1;2;33
14;1;1;2;85
4;3;1;2;71
9;17;1;2;13
15;9;1;2;99
4;3;1;2;36
16;12;1;2;13
3;16;1;2;11
16;9;1;2;41
16;2;1;2;70
12;16;1;2;63
17;9;1;2;56
2;13;1;2;78
5;1;1;2;67
19;15;1;2;55
18;11;1;2;9
6;6;1;2;60
11;20;1;2;88
2;15;1;2;36
15;11;1;2;69
18;14;1;2;0
13;10;1;2;25
9;11;1;2;37
20;15;1;2;69
7;5;1;2;55
14;14;1;2;97
3;11;1;2;42
16;2;1;2;14
4;15;1;2;88
12;10;1;2;10

1;1;17;9
2;1;2;46
3;1;5;66
4;1;19;76
5;1;5;97
6;1;7;106
7;1;3;148
8;1;12;166
9;1;12;226
10;1;3;250
11;1;4;259
12;1;3;305
13;1;4;314
14;1;12;334
15;1;9;355
16;1;20;378
17;1;20;399
18;1;11;712
19;1;2;725
20;1;3;731
21;1;11;774
22;1;20;795
23;1;13;816
24;1;7;837
25;1;11;884
26;1;13;905
27;1;19;926
28;1;14;947
29;1;13;1105
30;1;14;1123
31;1;10;1168
32;1;7;1189
33;1;3;1210
34;1;15;1219
35;1;9;1345
36;1;19;1377
37;1;3;1398
38;1;2;1419
39;1;2;1440
40;1;15;1603
*** EOF ***