**** 92 ****
100
50;29;1;2;476
16;3;1;2;709
6;23;1;2;2064
7;49;1;2;2656
26;2;1;2;2046
28;17;1;2;1703
34;18;1;2;840
2;26;1;2;1824
30;37;1;2;1428
5;5;1;2;2002
9;4;1;2;1483
35;19;1;2;1535
44;26;1;2;2759
10;34;1;2;609
18;10;1;2;213
15;39;1;2;679
18;24;1;2;2749
10;27;1;2;2374
37;6;1;2;2062
15;13;1;2;2516
19;21;1;2;1769
2;7;1;2;1189
39;2;1;2;2266
48;13;1;2;400
8;30;1;2;11
21;44;1;2;1251
2;13;1;2;674
3;25;1;2;952
28;11;1;2;2558
42;27;1;2;2922
9;47;1;2;1144
30;1;1;2;700
22;39;1;2;3
40;39;1;2;765
40;48;1;2;2994
3;20;1;2;90
4;23;1;2;2402
28;26;1;2;2828
33;5;1;2;2488
43;46;1;2;866
15;6;1;2;2965
9;36;1;2;915
11;9;1;2;2955
14;48;1;2;2493
29;38;1;2;842
25;40;1;2;511
15;46;1;2;236
20;25;1;2;2061
48;7;1;2;65
39;49;1;2;2662
7;13;1;2;18
22;21;1;2;605
37;33;1;2;2613
43;46;1;2;2660
38;26;1;2;1499
33;3;1;2;2141
46;19;1;2;2836
32;38;1;2;1610
43;38;1;2;2417
10;26;1;2;2517
25;32;1;2;1130
45;6;1;2;102
50;42;1;2;135
13;36;1;2;1582
25;26;1;2;2210
27;10;1;2;2012
20;5;1;2;1430
6;37;1;2;220
18;31;1;2;857
37;43;1;2;534
5;17;1;2;117
37;11;1;2;2572
39;10;1;2;166
26;24;1;2;1853
9;50;1;2;1480
21;28;1;2;2889
33;47;1;2;944
15;4;1;2;1880
35;22;1;2;2462
42;10;1;2;2404
28;16;1;2;1720
46;2;1;2;1132
18;43;1;2;893
36;18;1;2;968
40;28;1;2;1018
20;48;1;2;597
10;32;1;2;1144
6;47;1;2;197
38;33;1;2;2720
50;27;1;2;2130
5;4;1;2;1647
27;49;1;2;1699
12;19;1;2;91
5;6;1;2;310
24;45;1;2;940
44;17;1;2;837
43;28;1;2;71
37;33;1;2;2719
35;20;1;2;0
7;21;1;2;2127

1;1;8;73
2;1;48;86
3;1;15;190
4;1;6;215
5;1;12;256
6;1;45;519
7;1;37;570
8;1;18;621
9;1;1;672
10;1;15;749
11;1;29;800
12;1;34;851
13;1;8;902
14;1;13;953
15;1;48;1004
16;1;27;1055
17;1;15;1299
18;1;24;1350
19;1;18;1401
20;1;20;1452
21;1;34;1503
22;1;33;1554
23;1;39;1608
24;1;37;1659
25;1;32;1710
26;1;23;1767
27;1;31;1818
28;1;45;1869
29;1;13;1920
30;1;1;2010
31;1;18;2063
32;1;45;2092
33;1;23;2143
34;1;19;2228
35;1;1;2344
36;1;23;2453
37;1;32;2506
38;1;47;2649
39;1;8;2765
40;1;42;2903
41;1;2;3091
42;1;31;3258
43;1;22;3309
44;1;44;3360
45;1;32;3425
46;1;28;3502
47;1;27;3567
48;1;22;3743
49;1;38;3794
50;1;25;3843
*** EOF ***