**** 13 ****
100
12;2;1;2;97
6;5;1;2;45
1;3;1;2;7
15;3;1;2;27
8;9;1;2;41
18;18;1;2;60
15;16;1;2;0
8;16;1;2;79
4;17;1;2;58
16;14;1;2;65
8;5;1;2;86
17;10;1;2;10
14;2;1;2;64
1;16;1;2;18
9;3;1;2;78
10;13;1;2;67
2;7;1;2;3
15;6;1;2;98
6;1;1;2;6
16;8;1;2;59
1;7;1;2;55
7;3;1;2;56
9;9;1;2;77
6;9;1;2;72
4;9;1;2;6
15;10;1;2;38
2;12;1;2;56
5;18;1;2;33
3;3;1;2;33
1;19;1;2;52
12;11;1;2;38
7;18;1;2;93
3;18;1;2;61
20;15;1;2;49
4;19;1;2;90
3;5;1;2;19
13;6;1;2;50
10;11;1;2;87
15;5;1;2;62
1;6;1;2;32
13;17;1;2;62
12;16;1;2;91
5;18;1;2;29
6;10;1;2;43
7;5;1;2;53
17;7;1;2;37
17;20;1;2;15
19;1;1;2;85
19;7;1;2;1
1;7;1;2;18
5;20;1;2;47
7;11;1;2;42
11;15;1;2;11
12;12;1;2;80
7;18;1;2;25
13;15;1;2;3
10;3;1;2;54
5;1;1;2;86
2;19;1;2;33
4;11;1;2;79
14;15;1;2;78
1;14;1;2;20
3;4;1;2;94
15;15;1;2;65
7;13;1;2;35
4;5;1;2;41
8;15;1;2;3
2;11;1;2;23
9;5;1;2;94
2;20;1;2;24
13;13;1;2;51
12;14;1;2;84
12;8;1;2;19
19;2;1;2;85
16;1;1;2;77
11;4;1;2;2
4;11;1;2;48
7;5;1;2;30
3;5;1;2;34
17;18;1;2;13
13;10;1;2;38
4;13;1;2;51
8;17;1;2;98
19;15;1;2;92
4;2;1;2;12
2;5;1;2;35
16;8;1;2;18
4;7;1;2;62
14;9;1;2;6
1;5;1;2;83
6;17;1;2;72
4;13;1;2;57
15;12;1;2;53
6;11;1;2;59
18;14;1;2;40
2;7;1;2;36
17;2;1;2;84
7;5;1;2;90
9;11;1;2;30
7;11;1;2;94

1;1;1;46
2;1;1;86
3;1;14;101
4;1;19;122
5;1;15;236
6;1;1;280
7;1;14;315
8;1;17;367
9;1;4;417
10;1;15;462
11;1;20;483
12;1;15;504
13;1;14;525
14;1;4;568
15;1;1;617
16;1;1;682
17;1;17;703
18;1;6;756
19;1;13;790
20;1;16;810
21;1;10;896
22;1;9;927
23;1;19;977
24;1;9;998
25;1;18;1048
26;1;13;1113
27;1;11;1134
28;1;5;1243
29;1;12;1260
30;1;17;1310
31;1;16;1331
32;1;8;1352
33;1;9;1373
34;1;8;1438
35;1;5;1500
36;1;11;1507
37;1;6;1553
38;1;4;1574
39;1;2;1589
40;1;6;1610
*** EOF ***