**** 96 ****
100
2;4;1;2;1864
17;20;1;2;1056
18;16;1;2;2100
3;1;1;2;514
15;41;1;2;453
18;18;1;2;2762
39;28;1;2;593
41;7;1;2;2455
14;21;1;2;2248
17;36;1;2;658
16;39;1;2;2311
32;5;1;2;2230
38;24;1;2;1596
41;29;1;2;1246
5;43;1;2;688
10;10;1;2;505
25;50;1;2;483
20;40;1;2;2591
27;3;1;2;361
27;22;1;2;2798
35;39;1;2;2536
46;20;1;2;1041
27;9;1;2;666
25;1;1;2;844
23;8;1;2;1638
14;17;1;2;1697
19;43;1;2;1948
4;12;1;2;989
47;38;1;2;992
11;15;1;2;1615
9;1;1;2;1505
48;47;1;2;2526
41;25;1;2;2734
7;49;1;2;1935
2;21;1;2;642
40;34;1;2;2660
40;5;1;2;1753
38;10;1;2;2216
28;9;1;2;506
22;19;1;2;2222
39;29;1;2;2022
44;26;1;2;2218
20;16;1;2;2744
6;23;1;2;1492
43;26;1;2;765
37;17;1;2;1250
48;6;1;2;806
3;46;1;2;2916
21;25;1;2;2226
27;46;1;2;1394
49;36;1;2;922
24;31;1;2;700
44;2;1;2;1415
39;7;1;2;1439
33;50;1;2;1616
48;36;1;2;233
1;35;1;2;2338
7;39;1;2;1585
25;10;1;2;1259
1;38;1;2;0
47;39;1;2;2591
20;12;1;2;1721
22;7;1;2;2972
37;45;1;2;431
29;30;1;2;2032
45;29;1;2;2769
28;29;1;2;2304
19;38;1;2;444
4;14;1;2;2055
16;15;1;2;1995
22;13;1;2;2133
16;34;1;2;2196
39;5;1;2;1754
14;42;1;2;2849
45;22;1;2;2380
27;16;1;2;408
46;46;1;2;1537
2;14;1;2;1276
49;19;1;2;2189
4;34;1;2;855
1;8;1;2;1668
34;23;1;2;2901
32;11;1;2;2256
37;24;1;2;1499
38;18;1;2;2070
18;46;1;2;2585
26;42;1;2;630
15;45;1;2;1895
41;43;1;2;1966
31;49;1;2;1749
36;49;1;2;2006
4;35;1;2;2680
6;16;1;2;2141
14;4;1;2;1416
13;41;1;2;586
33;10;1;2;1681
20;36;1;2;1824
3;2;1;2;319
48;43;1;2;961
14;25;1;2;511

1;1;22;20
2;1;39;81
3;1;34;143
4;1;4;207
5;1;6;266
6;1;18;317
7;1;16;340
8;1;24;391
9;1;49;442
10;1;13;493
11;1;15;544
12;1;8;595
13;1;7;646
14;1;36;768
15;1;32;856
16;1;42;916
17;1;2;1056
18;1;33;1060
19;1;39;1111
20;1;16;1162
21;1;49;1227
22;1;24;1278
23;1;16;1315
24;1;1;1740
25;1;8;1856
26;1;45;1870
27;1;24;2061
28;1;34;2123
29;1;45;2174
30;1;1;2235
31;1;2;2310
32;1;43;2352
33;1;36;2435
34;1;4;2739
35;1;10;2820
36;1;38;2907
37;1;28;3020
38;1;1;3091
39;1;48;3120
40;1;14;3356
41;1;48;3416
42;1;21;3467
43;1;16;3518
44;1;27;3541
45;1;10;3592
46;1;44;3643
47;1;22;3694
48;1;4;3848
49;1;23;3859
50;1;16;3895
*** EOF ***