**** 4 ****
100
7;18;1;2;16
15;5;1;2;2
12;2;1;2;8
11;14;1;2;20
11;8;1;2;2
20;13;1;2;27
17;13;1;2;27
13;20;1;2;0
16;9;1;2;25
4;10;1;2;8
15;17;1;2;17
3;3;1;2;1
5;6;1;2;15
5;16;1;2;0
6;18;1;2;27
20;17;1;2;12
8;13;1;2;36
7;17;1;2;15
19;5;1;2;16
4;8;1;2;5
5;14;1;2;13
2;8;1;2;7
16;13;1;2;12
11;9;1;2;39
3;6;1;2;16
10;6;1;2;5
14;5;1;2;9
3;3;1;2;38
10;1;1;2;22
6;4;1;2;29
4;8;1;2;14
17;2;1;2;1
17;17;1;2;25
1;19;1;2;14
1;13;1;2;19
9;2;1;2;36
6;8;1;2;20
16;10;1;2;22
14;19;1;2;34
16;17;1;2;18
17;20;1;2;37
3;16;1;2;38
4;12;1;2;6
2;13;1;2;36
16;5;1;2;8
7;5;1;2;22
16;11;1;2;1
16;18;1;2;30
11;3;1;2;20
5;18;1;2;36
15;6;1;2;35
13;8;1;2;23
3;3;1;2;6
2;16;1;2;30
10;11;1;2;14
11;10;1;2;31
13;5;1;2;21
14;12;1;2;10
16;14;1;2;12
16;11;1;2;9
5;5;1;2;6
20;9;1;2;25
3;4;1;2;19
2;5;1;2;15
12;14;1;2;17
7;16;1;2;6
10;8;1;2;2
11;13;1;2;26
1;20;1;2;19
5;8;1;2;9
6;12;1;2;14
12;3;1;2;14
17;18;1;2;17
8;19;1;2;21
3;10;1;2;7
1;8;1;2;22
7;17;1;2;2
2;19;1;2;26
8;11;1;2;6
7;15;1;2;25
9;20;1;2;16
15;3;1;2;30
9;11;1;2;27
7;19;1;2;5
20;1;1;2;27
19;1;1;2;34
14;20;1;2;3
16;1;1;2;1
2;20;1;2;32
20;18;1;2;18
17;6;1;2;18
5;20;1;2;12
16;9;1;2;3
3;7;1;2;1
1;18;1;2;13
8;17;1;2;34
14;10;1;2;5
17;5;1;2;17
19;18;1;2;16
3;10;1;2;13

1;1;1;127
2;1;9;241
3;1;3;252
4;1;2;259
5;1;4;316
6;1;1;456
7;1;8;468
8;1;7;572
9;1;8;648
10;1;6;725
11;1;3;771
12;1;6;920
13;1;8;993
14;1;9;1004
15;1;3;1343
16;1;9;1359
17;1;2;1384
18;1;9;1424
19;1;8;1445
20;1;7;1515
*** EOF ***