**** 20 ****
100
13;1;1;2;4
1;3;1;2;23
7;12;1;2;74
9;9;1;2;17
10;17;1;2;93
3;4;1;2;42
7;7;1;2;63
17;14;1;2;64
11;16;1;2;3
8;2;1;2;27
11;14;1;2;79
16;6;1;2;93
11;12;1;2;17
17;13;1;2;25
14;2;1;2;33
20;5;1;2;77
2;3;1;2;15
18;19;1;2;8
2;10;1;2;64
5;17;1;2;77
4;8;1;2;2
15;15;1;2;7
9;17;1;2;11
6;13;1;2;63
3;19;1;2;16
9;10;1;2;32
6;3;1;2;74
1;20;1;2;73
2;14;1;2;34
18;18;1;2;30
15;14;1;2;49
17;20;1;2;95
16;8;1;2;43
7;5;1;2;16
2;20;1;2;86
19;8;1;2;95
11;5;1;2;37
18;17;1;2;29
3;18;1;2;82
17;15;1;2;51
19;1;1;2;16
9;17;1;2;56
16;5;1;2;15
20;3;1;2;12
8;5;1;2;71
6;15;1;2;30
13;17;1;2;14
2;14;1;2;42
11;16;1;2;20
5;4;1;2;66
17;3;1;2;7
13;3;1;2;95
1;18;1;2;91
17;9;1;2;54
9;8;1;2;98
12;13;1;2;44
2;5;1;2;20
8;7;1;2;6
10;9;1;2;73
2;14;1;2;57
1;10;1;2;91
8;14;1;2;73
15;15;1;2;2
7;3;1;2;71
13;3;1;2;50
11;14;1;2;23
7;15;1;2;39
7;2;1;2;37
13;3;1;2;46
7;5;1;2;99
16;5;1;2;0
7;4;1;2;65
20;10;1;2;99
14;8;1;2;73
17;20;1;2;95
8;2;1;2;88
3;8;1;2;34
2;15;1;2;47
20;19;1;2;70
6;17;1;2;26
17;4;1;2;30
17;10;1;2;45
2;1;1;2;66
14;15;1;2;34
19;11;1;2;53
15;10;1;2;27
15;12;1;2;94
10;14;1;2;80
17;5;1;2;91
19;10;1;2;47
5;18;1;2;63
7;6;1;2;72
12;7;1;2;5
19;12;1;2;11
5;11;1;2;61
10;17;1;2;63
17;11;1;2;34
4;20;1;2;19
16;9;1;2;3
7;7;1;2;84

1;1;7;22
2;1;10;43
3;1;10;66
4;1;15;117
5;1;1;138
6;1;7;159
7;1;9;180
8;1;14;278
9;1;8;394
10;1;13;415
11;1;16;436
12;1;14;457
13;1;17;485
14;1;4;506
15;1;15;527
16;1;9;548
17;1;15;601
18;1;16;619
19;1;7;824
20;1;14;883
21;1;8;906
22;1;12;927
23;1;19;948
24;1;12;969
25;1;17;1045
26;1;16;1081
27;1;4;1123
28;1;4;1149
29;1;12;1193
30;1;20;1239
31;1;2;1266
32;1;16;1277
33;1;14;1294
34;1;16;1315
35;1;3;1466
36;1;7;1494
37;1;6;1523
38;1;9;1544
39;1;10;1597
40;1;17;1618
*** EOF ***