**** 10 ****
100
20;15;1;2;3
11;1;1;2;15
16;4;1;2;22
7;15;1;2;21
20;7;1;2;35
15;8;1;2;32
11;12;1;2;33
13;20;1;2;15
3;10;1;2;23
5;15;1;2;20
16;15;1;2;34
19;17;1;2;26
6;5;1;2;29
20;11;1;2;36
1;2;1;2;2
16;9;1;2;21
9;19;1;2;32
14;4;1;2;23
1;6;1;2;12
4;2;1;2;19
16;17;1;2;5
3;7;1;2;21
9;12;1;2;25
19;11;1;2;27
7;3;1;2;9
1;11;1;2;37
3;19;1;2;15
15;4;1;2;38
11;4;1;2;15
15;19;1;2;16
14;14;1;2;4
19;16;1;2;30
1;5;1;2;13
6;15;1;2;15
6;13;1;2;18
15;13;1;2;8
12;15;1;2;18
19;2;1;2;1
10;12;1;2;36
5;6;1;2;34
14;20;1;2;39
18;18;1;2;15
1;10;1;2;11
14;8;1;2;17
10;13;1;2;29
20;7;1;2;1
8;10;1;2;36
18;20;1;2;29
11;1;1;2;20
7;6;1;2;37
1;11;1;2;36
12;8;1;2;6
7;8;1;2;7
10;14;1;2;34
7;3;1;2;18
16;2;1;2;16
10;1;1;2;17
18;18;1;2;37
7;8;1;2;9
19;6;1;2;14
16;6;1;2;36
13;9;1;2;16
11;16;1;2;15
18;17;1;2;8
5;4;1;2;2
15;11;1;2;15
4;12;1;2;15
1;9;1;2;4
10;15;1;2;31
20;5;1;2;36
6;1;1;2;13
3;5;1;2;2
11;15;1;2;9
6;4;1;2;37
15;20;1;2;0
9;7;1;2;23
5;10;1;2;34
20;2;1;2;15
5;12;1;2;1
8;3;1;2;6
17;8;1;2;26
2;2;1;2;2
16;12;1;2;36
5;10;1;2;31
3;4;1;2;23
15;12;1;2;29
10;8;1;2;10
17;8;1;2;31
12;4;1;2;34
13;3;1;2;36
11;19;1;2;36
17;13;1;2;29
11;8;1;2;33
19;5;1;2;22
11;7;1;2;37
6;13;1;2;0
7;15;1;2;8
17;11;1;2;27
20;14;1;2;22
15;18;1;2;24

1;1;7;195
2;1;4;257
3;1;1;340
4;1;9;347
5;1;3;392
6;1;1;590
7;1;5;652
8;1;5;673
9;1;8;701
10;1;10;841
11;1;10;903
12;1;8;1012
13;1;2;1049
14;1;8;1085
15;1;4;1151
16;1;1;1249
17;1;8;1296
18;1;9;1396
19;1;6;1419
20;1;1;1522
*** EOF ***