**** 95 ****
100
11;40;1;2;2084
18;10;1;2;2622
4;33;1;2;1972
14;36;1;2;403
45;39;1;2;0
41;25;1;2;2577
37;18;1;2;1422
14;28;1;2;292
17;26;1;2;1313
22;32;1;2;1870
36;42;1;2;609
20;11;1;2;520
42;16;1;2;502
17;32;1;2;1587
22;26;1;2;778
27;19;1;2;2102
6;7;1;2;1771
29;20;1;2;1248
21;36;1;2;326
34;10;1;2;759
6;45;1;2;53
18;14;1;2;1763
38;7;1;2;2481
41;25;1;2;1014
28;47;1;2;1291
8;25;1;2;2359
10;31;1;2;916
32;11;1;2;2387
30;31;1;2;75
8;17;1;2;34
18;22;1;2;1728
21;41;1;2;1593
36;29;1;2;2251
17;19;1;2;28
33;48;1;2;974
25;6;1;2;2798
34;17;1;2;2430
2;48;1;2;940
42;30;1;2;1621
17;37;1;2;489
3;6;1;2;2062
33;26;1;2;1303
28;12;1;2;1731
29;30;1;2;1201
7;13;1;2;1300
33;37;1;2;2455
34;22;1;2;1824
14;26;1;2;121
5;17;1;2;2652
28;35;1;2;391
17;37;1;2;96
31;21;1;2;1822
34;48;1;2;2035
17;28;1;2;2864
18;37;1;2;2676
19;19;1;2;114
26;2;1;2;186
50;18;1;2;1511
24;24;1;2;829
28;1;1;2;863
19;19;1;2;2351
18;49;1;2;1021
40;35;1;2;1818
27;1;1;2;1697
41;19;1;2;2983
20;39;1;2;1002
34;16;1;2;2255
22;16;1;2;2822
35;41;1;2;995
16;18;1;2;1747
29;39;1;2;2567
32;6;1;2;2166
3;47;1;2;2902
23;23;1;2;2802
21;15;1;2;772
4;34;1;2;1112
8;20;1;2;278
14;43;1;2;445
38;30;1;2;1735
36;45;1;2;1504
33;26;1;2;144
1;7;1;2;399
19;12;1;2;2147
21;34;1;2;1071
25;6;1;2;36
50;12;1;2;2421
12;19;1;2;2342
40;34;1;2;2985
37;24;1;2;564
24;9;1;2;1908
29;41;1;2;2233
23;43;1;2;890
25;11;1;2;2603
22;33;1;2;2486
46;10;1;2;294
34;9;1;2;1657
5;20;1;2;1225
48;12;1;2;2311
35;50;1;2;1384
49;24;1;2;144

1;1;49;51
2;1;5;102
3;1;49;199
4;1;9;271
5;1;47;308
6;1;44;359
7;1;6;410
8;1;11;461
9;1;25;512
10;1;16;563
11;1;29;614
12;1;2;665
13;1;4;782
14;1;25;842
15;1;29;946
16;1;38;997
17;1;11;1057
18;1;30;1218
19;1;40;1335
20;1;5;1435
21;1;47;1448
22;1;20;1703
23;1;21;1830
24;1;32;1891
25;1;22;1942
26;1;33;1993
27;1;20;2238
28;1;19;2263
29;1;34;2408
30;1;5;2459
31;1;37;2581
32;1;29;2632
33;1;7;2768
34;1;8;2781
35;1;28;2811
36;1;41;3022
37;1;16;3073
38;1;13;3124
39;1;1;3175
40;1;31;3352
41;1;26;3403
42;1;50;3454
43;1;40;3505
44;1;15;3556
45;1;38;3607
46;1;43;3658
47;1;38;3785
48;1;30;3830
49;1;1;3895
50;1;48;3902
*** EOF ***