**** 7 ****
100
8;6;1;2;18
7;14;1;2;27
9;13;1;2;6
9;18;1;2;21
14;1;1;2;17
5;14;1;2;4
7;8;1;2;16
12;1;1;2;21
17;12;1;2;8
19;17;1;2;26
4;5;1;2;24
2;11;1;2;17
1;12;1;2;9
20;20;1;2;38
13;5;1;2;19
10;9;1;2;24
15;8;1;2;11
3;19;1;2;4
5;8;1;2;7
13;18;1;2;23
12;1;1;2;39
16;15;1;2;2
5;15;1;2;33
14;6;1;2;32
5;19;1;2;29
16;8;1;2;17
12;14;1;2;16
3;17;1;2;27
19;13;1;2;14
18;17;1;2;23
2;8;1;2;23
13;15;1;2;9
15;19;1;2;24
8;5;1;2;9
13;9;1;2;19
2;16;1;2;7
11;7;1;2;0
8;1;1;2;8
15;20;1;2;20
1;17;1;2;37
4;10;1;2;4
19;3;1;2;11
9;9;1;2;9
5;17;1;2;25
6;1;1;2;25
6;2;1;2;20
13;12;1;2;26
5;11;1;2;39
14;5;1;2;38
6;5;1;2;6
3;20;1;2;8
20;19;1;2;2
11;7;1;2;30
12;11;1;2;6
10;16;1;2;18
15;1;1;2;39
8;5;1;2;23
14;2;1;2;33
13;15;1;2;18
3;12;1;2;14
2;15;1;2;14
10;6;1;2;32
4;8;1;2;30
14;11;1;2;0
13;20;1;2;15
11;15;1;2;8
11;2;1;2;24
6;7;1;2;25
19;12;1;2;11
9;6;1;2;3
16;7;1;2;29
10;8;1;2;14
14;11;1;2;1
4;17;1;2;31
16;9;1;2;3
3;11;1;2;29
11;13;1;2;2
16;18;1;2;20
1;17;1;2;11
13;17;1;2;29
8;12;1;2;15
17;13;1;2;35
11;6;1;2;17
4;1;1;2;25
7;16;1;2;25
10;19;1;2;36
11;1;1;2;8
13;8;1;2;38
14;1;1;2;6
17;5;1;2;2
6;12;1;2;26
14;8;1;2;18
1;10;1;2;36
18;13;1;2;36
4;19;1;2;4
9;1;1;2;34
17;11;1;2;6
18;4;1;2;34
16;9;1;2;14
2;5;1;2;38

1;1;8;38
2;1;6;49
3;1;7;219
4;1;2;230
5;1;9;292
6;1;1;324
7;1;10;776
8;1;10;818
9;1;3;925
10;1;8;1029
11;1;1;1040
12;1;9;1060
13;1;2;1087
14;1;3;1168
15;1;10;1189
16;1;7;1202
17;1;2;1333
18;1;9;1355
19;1;2;1514
20;1;2;1550
*** EOF ***