**** 98 ****
100
7;30;1;2;1954
15;32;1;2;355
26;39;1;2;404
46;48;1;2;400
7;20;1;2;836
10;9;1;2;56
4;16;1;2;2904
10;34;1;2;1136
46;24;1;2;2053
9;44;1;2;71
7;2;1;2;252
11;16;1;2;2734
19;43;1;2;1122
23;38;1;2;1821
25;45;1;2;841
13;6;1;2;699
19;10;1;2;2414
24;21;1;2;2448
10;18;1;2;1271
15;28;1;2;2966
39;35;1;2;67
41;47;1;2;1632
27;15;1;2;676
49;39;1;2;565
21;15;1;2;2711
12;27;1;2;1417
13;46;1;2;1078
27;19;1;2;548
27;30;1;2;1867
48;44;1;2;294
16;32;1;2;2680
33;25;1;2;1627
17;1;1;2;1193
43;2;1;2;1432
9;24;1;2;446
22;37;1;2;2425
39;49;1;2;720
17;25;1;2;1588
17;2;1;2;517
34;1;1;2;2912
31;17;1;2;2494
11;1;1;2;218
40;18;1;2;1818
34;12;1;2;2769
18;22;1;2;2244
16;44;1;2;380
41;32;1;2;1228
11;1;1;2;1203
1;17;1;2;456
20;3;1;2;258
33;35;1;2;576
27;47;1;2;1477
47;37;1;2;2296
17;20;1;2;357
39;37;1;2;2579
33;2;1;2;24
14;43;1;2;2757
42;5;1;2;2857
47;6;1;2;1576
5;25;1;2;780
16;9;1;2;764
42;37;1;2;1560
19;33;1;2;1796
15;2;1;2;17
25;40;1;2;303
6;22;1;2;1157
30;37;1;2;1299
39;31;1;2;2505
47;29;1;2;0
25;34;1;2;689
5;49;1;2;1447
19;40;1;2;2134
29;11;1;2;318
28;27;1;2;819
45;3;1;2;1110
1;8;1;2;84
8;39;1;2;1120
9;28;1;2;2800
14;26;1;2;679
27;50;1;2;1564
16;4;1;2;2362
13;24;1;2;1353
49;4;1;2;15
18;31;1;2;644
39;26;1;2;596
50;26;1;2;156
34;35;1;2;1994
6;43;1;2;573
9;6;1;2;1750
40;32;1;2;749
4;49;1;2;2054
18;12;1;2;429
23;12;1;2;83
41;29;1;2;163
35;20;1;2;1040
31;19;1;2;17
37;4;1;2;1251
34;11;1;2;393
9;19;1;2;301
10;10;1;2;634

1;1;13;32
2;1;47;83
3;1;7;134
4;1;43;185
5;1;43;236
6;1;28;287
7;1;31;348
8;1;39;501
9;1;49;552
10;1;35;603
11;1;24;657
12;1;27;842
13;1;22;893
14;1;18;1088
15;1;43;1139
16;1;24;1190
17;1;42;1275
18;1;47;1413
19;1;1;1556
20;1;19;1663
21;1;50;1731
22;1;16;1782
23;1;2;1815
24;1;3;1826
25;1;30;1862
26;1;9;1918
27;1;28;1969
28;1;24;2020
29;1;7;2101
30;1;31;2125
31;1;21;2176
32;1;13;2265
33;1;49;2325
34;1;30;2414
35;1;48;2465
36;1;4;2718
37;1;3;2769
38;1;27;2929
39;1;28;2969
40;1;19;3036
41;1;15;3087
42;1;39;3138
43;1;23;3312
44;1;4;3581
45;1;36;3662
46;1;42;3699
47;1;23;3756
48;1;50;3807
49;1;17;3858
50;1;6;3995
*** EOF ***