**** 2 ****
100
8;7;1;2;31
6;14;1;2;23
4;10;1;2;5
6;1;1;2;34
2;2;1;2;32
7;14;1;2;9
7;6;1;2;13
11;12;1;2;35
11;9;1;2;16
8;8;1;2;13
20;15;1;2;20
12;12;1;2;5
7;15;1;2;6
4;12;1;2;6
18;13;1;2;8
3;20;1;2;1
4;18;1;2;18
9;8;1;2;9
5;11;1;2;18
13;10;1;2;25
7;10;1;2;32
19;13;1;2;3
16;11;1;2;10
2;6;1;2;21
9;3;1;2;26
9;17;1;2;5
10;12;1;2;14
9;1;1;2;22
10;5;1;2;24
20;9;1;2;33
6;15;1;2;34
10;5;1;2;18
5;20;1;2;0
15;14;1;2;25
17;14;1;2;0
15;2;1;2;28
12;3;1;2;0
6;3;1;2;0
20;13;1;2;16
4;12;1;2;24
10;9;1;2;31
16;18;1;2;7
7;15;1;2;39
7;9;1;2;12
5;17;1;2;5
5;11;1;2;18
13;2;1;2;20
5;8;1;2;23
5;7;1;2;27
13;3;1;2;18
10;12;1;2;39
1;19;1;2;8
8;5;1;2;2
19;12;1;2;31
11;8;1;2;19
8;12;1;2;10
6;16;1;2;23
19;1;1;2;10
2;17;1;2;9
9;2;1;2;11
19;11;1;2;34
18;3;1;2;32
7;2;1;2;17
1;1;1;2;20
12;11;1;2;27
12;11;1;2;30
14;8;1;2;17
17;6;1;2;29
20;19;1;2;26
9;19;1;2;7
20;10;1;2;29
14;7;1;2;11
18;5;1;2;32
15;18;1;2;12
7;9;1;2;35
14;12;1;2;17
16;17;1;2;24
14;14;1;2;30
3;13;1;2;0
1;13;1;2;19
20;12;1;2;8
9;17;1;2;6
20;14;1;2;23
5;1;1;2;20
17;7;1;2;20
4;13;1;2;4
1;8;1;2;20
6;13;1;2;5
8;16;1;2;9
8;8;1;2;1
19;8;1;2;24
7;16;1;2;32
6;8;1;2;18
9;4;1;2;38
1;12;1;2;16
13;16;1;2;28
17;16;1;2;16
10;13;1;2;28
7;12;1;2;15
9;20;1;2;3

1;1;4;15
2;1;9;42
3;1;9;120
4;1;2;170
5;1;4;303
6;1;10;333
7;1;5;344
8;1;7;427
9;1;5;500
10;1;10;614
11;1;10;626
12;1;10;798
13;1;7;867
14;1;6;876
15;1;2;977
16;1;1;1114
17;1;2;1179
18;1;10;1271
19;1;3;1374
20;1;9;1521
*** EOF ***