**** 97 ****
100
19;16;1;2;92
26;34;1;2;1354
38;28;1;2;2477
42;10;1;2;2330
49;44;1;2;989
41;28;1;2;2465
40;14;1;2;1251
41;27;1;2;807
43;13;1;2;232
37;40;1;2;948
29;11;1;2;2365
24;38;1;2;850
28;26;1;2;2227
7;19;1;2;1088
37;17;1;2;1531
28;8;1;2;761
44;49;1;2;2974
47;39;1;2;1150
4;33;1;2;362
38;20;1;2;553
36;50;1;2;2065
1;23;1;2;2153
1;2;1;2;580
30;10;1;2;648
19;48;1;2;0
2;26;1;2;1624
15;19;1;2;1074
39;17;1;2;1264
41;20;1;2;1696
5;9;1;2;2515
9;44;1;2;2067
26;46;1;2;2739
29;46;1;2;943
11;27;1;2;1802
10;47;1;2;2352
27;49;1;2;2877
3;15;1;2;547
27;4;1;2;2613
41;46;1;2;1234
39;1;1;2;2994
5;11;1;2;2489
22;36;1;2;2084
13;17;1;2;2981
8;27;1;2;1407
13;36;1;2;1804
15;14;1;2;54
44;16;1;2;2918
41;44;1;2;1723
6;36;1;2;971
42;25;1;2;671
38;29;1;2;2433
27;2;1;2;1618
11;16;1;2;1084
44;24;1;2;1763
1;36;1;2;950
7;50;1;2;1664
13;43;1;2;231
34;35;1;2;375
9;42;1;2;710
30;35;1;2;2934
3;22;1;2;914
36;50;1;2;2717
7;10;1;2;2083
43;3;1;2;306
6;5;1;2;2893
7;14;1;2;2844
23;26;1;2;388
4;9;1;2;2424
29;20;1;2;2917
40;49;1;2;101
26;2;1;2;674
41;39;1;2;1125
8;45;1;2;2834
43;40;1;2;838
1;45;1;2;2544
44;3;1;2;757
38;25;1;2;1883
26;29;1;2;543
2;9;1;2;1462
19;50;1;2;2963
22;26;1;2;2716
48;18;1;2;154
23;27;1;2;601
9;20;1;2;2492
47;20;1;2;1238
42;16;1;2;791
1;5;1;2;517
36;33;1;2;297
30;34;1;2;506
44;3;1;2;2557
7;24;1;2;34
25;22;1;2;2851
32;44;1;2;2078
35;5;1;2;149
27;1;1;2;370
15;44;1;2;2987
8;47;1;2;1492
28;32;1;2;2624
25;11;1;2;2807
33;7;1;2;2311

1;1;9;144
2;1;48;165
3;1;8;216
4;1;2;401
5;1;15;436
6;1;27;517
7;1;31;829
8;1;16;983
9;1;9;1034
10;1;7;1055
11;1;12;1106
12;1;9;1208
13;1;20;1254
14;1;36;1305
15;1;41;1356
16;1;35;1551
17;1;32;1602
18;1;18;1653
19;1;38;1704
20;1;21;1755
21;1;6;1806
22;1;12;1857
23;1;26;1948
24;1;33;1999
25;1;20;2050
26;1;21;2101
27;1;38;2152
28;1;47;2203
29;1;19;2254
30;1;45;2305
31;1;26;2486
32;1;44;2621
33;1;9;2674
34;1;19;2813
35;1;8;3071
36;1;34;3090
37;1;15;3147
38;1;32;3310
39;1;38;3382
40;1;6;3453
41;1;11;3504
42;1;5;3555
43;1;21;3574
44;1;29;3625
45;1;19;3676
46;1;40;3706
47;1;25;3828
48;1;38;3879
49;1;27;3930
50;1;33;3970
*** EOF ***