**** 27 ****
100
4;11;1;2;75
16;15;1;2;61
16;6;1;2;93
16;15;1;2;7
8;19;1;2;93
8;4;1;2;69
16;12;1;2;83
12;17;1;2;6
20;12;1;2;58
18;2;1;2;44
9;17;1;2;34
16;12;1;2;48
17;8;1;2;86
3;15;1;2;40
10;2;1;2;51
15;1;1;2;74
5;9;1;2;66
8;12;1;2;2
14;12;1;2;33
4;1;1;2;26
8;1;1;2;2
15;17;1;2;6
3;13;1;2;93
1;15;1;2;47
2;17;1;2;40
13;11;1;2;53
7;15;1;2;93
13;15;1;2;64
7;20;1;2;15
13;4;1;2;68
11;3;1;2;68
14;17;1;2;44
12;20;1;2;9
5;20;1;2;55
4;13;1;2;91
16;5;1;2;62
1;4;1;2;88
14;8;1;2;0
11;15;1;2;62
18;19;1;2;25
6;9;1;2;87
15;14;1;2;36
11;5;1;2;15
12;1;1;2;66
8;16;1;2;79
19;4;1;2;55
13;16;1;2;70
2;2;1;2;38
16;12;1;2;64
18;9;1;2;82
15;7;1;2;22
15;13;1;2;88
11;3;1;2;84
18;15;1;2;57
16;14;1;2;4
7;4;1;2;67
3;17;1;2;55
13;10;1;2;56
3;5;1;2;87
7;15;1;2;67
1;9;1;2;13
4;15;1;2;45
4;5;1;2;60
20;14;1;2;66
17;10;1;2;19
2;16;1;2;62
1;10;1;2;10
16;3;1;2;51
12;17;1;2;36
11;4;1;2;82
19;4;1;2;10
4;19;1;2;17
10;2;1;2;81
2;2;1;2;27
8;10;1;2;16
19;3;1;2;31
13;4;1;2;81
16;11;1;2;35
7;15;1;2;31
15;5;1;2;34
17;15;1;2;30
20;19;1;2;88
17;20;1;2;2
10;1;1;2;55
17;20;1;2;4
5;10;1;2;59
17;2;1;2;34
10;9;1;2;84
5;8;1;2;18
8;2;1;2;75
3;11;1;2;69
13;10;1;2;19
13;18;1;2;18
7;19;1;2;30
2;16;1;2;21
19;20;1;2;10
18;8;1;2;64
12;17;1;2;44
8;13;1;2;51
19;1;1;2;73

1;1;17;6
2;1;12;27
3;1;7;48
4;1;12;69
5;1;18;90
6;1;5;111
7;1;3;132
8;1;15;153
9;1;5;174
10;1;14;195
11;1;5;216
12;1;6;237
13;1;4;258
14;1;4;279
15;1;11;300
16;1;20;321
17;1;9;342
18;1;13;363
19;1;11;384
20;1;12;405
21;1;2;426
22;1;2;447
23;1;7;468
24;1;11;489
25;1;19;510
26;1;7;531
27;1;8;552
28;1;20;573
29;1;3;594
30;1;15;615
31;1;20;636
32;1;20;657
33;1;9;678
34;1;10;699
35;1;11;720
36;1;6;741
37;1;2;762
38;1;2;783
39;1;20;804
40;1;11;825
*** EOF ***