**** 5 ****
100
5;5;1;2;5
7;18;1;2;31
18;8;1;2;32
2;10;1;2;13
4;13;1;2;38
1;8;1;2;13
18;13;1;2;27
8;7;1;2;39
1;17;1;2;25
17;17;1;2;36
16;1;1;2;12
1;19;1;2;9
4;16;1;2;28
16;17;1;2;18
10;12;1;2;2
20;4;1;2;9
13;1;1;2;34
12;8;1;2;20
3;20;1;2;8
1;16;1;2;24
17;11;1;2;24
10;3;1;2;34
11;6;1;2;29
12;2;1;2;37
2;3;1;2;20
4;14;1;2;3
6;18;1;2;35
20;10;1;2;22
20;4;1;2;21
8;4;1;2;28
4;13;1;2;19
20;2;1;2;21
14;4;1;2;27
3;7;1;2;20
12;8;1;2;22
12;12;1;2;15
7;17;1;2;12
2;8;1;2;33
4;7;1;2;37
17;6;1;2;32
5;1;1;2;24
16;20;1;2;17
18;13;1;2;13
17;7;1;2;39
17;18;1;2;27
11;1;1;2;10
6;7;1;2;38
10;8;1;2;25
16;3;1;2;23
13;11;1;2;0
5;15;1;2;20
2;3;1;2;19
19;20;1;2;23
12;16;1;2;29
12;4;1;2;18
11;14;1;2;18
1;11;1;2;24
19;12;1;2;23
4;7;1;2;5
19;19;1;2;15
19;16;1;2;1
19;9;1;2;23
10;7;1;2;14
13;19;1;2;1
14;2;1;2;4
12;12;1;2;29
2;4;1;2;19
18;2;1;2;11
1;17;1;2;37
18;15;1;2;8
5;5;1;2;35
6;3;1;2;23
2;12;1;2;21
8;16;1;2;11
10;9;1;2;32
6;20;1;2;15
16;1;1;2;18
7;18;1;2;31
10;10;1;2;39
20;7;1;2;25
8;11;1;2;29
15;8;1;2;23
10;1;1;2;34
11;9;1;2;21
3;10;1;2;29
7;7;1;2;28
15;14;1;2;20
5;1;1;2;29
17;10;1;2;30
8;9;1;2;36
14;8;1;2;38
3;14;1;2;38
19;3;1;2;10
13;6;1;2;18
7;20;1;2;39
16;18;1;2;6
17;12;1;2;19
17;9;1;2;19
19;17;1;2;1
9;4;1;2;1

1;1;6;71
2;1;9;298
3;1;9;315
4;1;4;329
5;1;5;358
6;1;3;432
7;1;10;451
8;1;4;499
9;1;8;506
10;1;10;874
11;1;5;885
12;1;5;936
13;1;10;1022
14;1;10;1120
15;1;3;1147
16;1;4;1295
17;1;7;1414
18;1;9;1511
19;1;9;1522
20;1;7;1533
*** EOF ***