**** 100 ****
100
24;26;1;2;2142
41;45;1;2;2281
39;4;1;2;1675
16;16;1;2;171
39;5;1;2;2124
29;5;1;2;93
7;3;1;2;2518
9;19;1;2;0
29;33;1;2;180
13;23;1;2;2053
33;47;1;2;1430
27;39;1;2;1024
10;29;1;2;2077
35;45;1;2;1842
9;35;1;2;2848
33;14;1;2;2104
28;22;1;2;2758
46;30;1;2;827
13;10;1;2;511
46;22;1;2;1434
49;7;1;2;980
29;35;1;2;2320
3;45;1;2;1649
32;31;1;2;2645
26;39;1;2;1379
24;24;1;2;2192
28;1;1;2;2763
37;49;1;2;1494
16;11;1;2;2255
27;8;1;2;2777
13;6;1;2;685
45;34;1;2;769
16;38;1;2;2663
17;19;1;2;2746
12;44;1;2;484
41;19;1;2;1707
36;47;1;2;860
1;35;1;2;108
46;2;1;2;2820
3;30;1;2;178
30;43;1;2;233
17;37;1;2;1769
39;4;1;2;2456
4;20;1;2;2077
50;31;1;2;2472
37;24;1;2;491
44;9;1;2;1589
6;9;1;2;2525
16;6;1;2;1126
37;9;1;2;1607
17;40;1;2;1699
2;9;1;2;438
23;47;1;2;2791
32;50;1;2;1761
9;2;1;2;343
33;38;1;2;2566
26;33;1;2;2326
17;39;1;2;2035
42;6;1;2;1242
20;44;1;2;1500
28;10;1;2;642
29;14;1;2;2000
17;36;1;2;696
9;17;1;2;97
22;27;1;2;2598
17;10;1;2;35
34;35;1;2;820
12;2;1;2;2108
47;45;1;2;2415
42;17;1;2;859
42;44;1;2;968
36;22;1;2;681
36;41;1;2;2119
32;1;1;2;1385
32;22;1;2;1262
30;40;1;2;1573
18;23;1;2;2809
38;37;1;2;560
48;35;1;2;1407
13;26;1;2;123
22;20;1;2;1668
43;5;1;2;1741
26;41;1;2;1133
45;24;1;2;2283
33;5;1;2;1656
47;37;1;2;2596
20;6;1;2;2020
29;45;1;2;2256
42;42;1;2;2691
1;6;1;2;1918
26;30;1;2;1087
44;22;1;2;1192
37;49;1;2;1584
21;46;1;2;2959
4;28;1;2;2416
11;26;1;2;2904
9;45;1;2;1459
29;25;1;2;2253
36;18;1;2;1746
29;18;1;2;2353

1;1;28;14
2;1;30;108
3;1;41;177
4;1;11;464
5;1;3;527
6;1;22;552
7;1;45;583
8;1;19;634
9;1;27;685
10;1;42;736
11;1;27;795
12;1;33;828
13;1;47;862
14;1;14;933
15;1;45;1001
16;1;10;1075
17;1;10;1126
18;1;36;1169
19;1;2;1301
20;1;15;1322
21;1;27;1394
22;1;18;1445
23;1;26;1505
24;1;39;1537
25;1;10;1588
26;1;7;1639
27;1;8;1690
28;1;49;1754
29;1;31;1809
30;1;18;1914
31;1;46;1964
32;1;22;2015
33;1;6;2066
34;1;33;2324
35;1;6;2375
36;1;14;2406
37;1;43;2921
38;1;7;2990
39;1;14;3068
40;1;14;3396
41;1;3;3558
42;1;35;3587
43;1;13;3638
44;1;15;3689
45;1;6;3740
46;1;38;3791
47;1;21;3842
48;1;9;3893
49;1;14;3944
50;1;2;3995
*** EOF ***