**** 94 ****
100
4;39;1;2;2556
18;7;1;2;2895
28;50;1;2;1831
42;43;1;2;2587
42;38;1;2;2247
34;15;1;2;1747
13;45;1;2;2868
44;2;1;2;318
9;48;1;2;2502
45;41;1;2;2123
24;46;1;2;1413
30;15;1;2;2069
27;42;1;2;2470
10;34;1;2;2163
48;27;1;2;2602
47;10;1;2;1116
44;24;1;2;760
12;17;1;2;2114
31;28;1;2;1111
35;22;1;2;2053
10;45;1;2;799
23;27;1;2;13
45;5;1;2;1005
17;15;1;2;1590
32;14;1;2;1418
34;10;1;2;77
50;4;1;2;651
11;17;1;2;1917
27;47;1;2;746
38;34;1;2;1317
41;43;1;2;364
40;18;1;2;442
6;14;1;2;1446
13;30;1;2;2912
5;12;1;2;1427
23;45;1;2;1887
50;47;1;2;742
3;9;1;2;508
23;35;1;2;1857
19;22;1;2;1290
39;12;1;2;1634
5;4;1;2;951
47;11;1;2;2014
45;25;1;2;1646
10;29;1;2;1657
37;1;1;2;2353
26;2;1;2;1499
20;7;1;2;207
31;29;1;2;943
38;49;1;2;1114
30;39;1;2;478
14;43;1;2;2833
16;39;1;2;2545
32;34;1;2;619
28;43;1;2;2349
37;31;1;2;2801
43;7;1;2;2404
44;26;1;2;1810
4;6;1;2;640
47;45;1;2;2641
14;24;1;2;129
42;40;1;2;2822
27;5;1;2;2512
24;38;1;2;295
43;18;1;2;139
44;6;1;2;472
45;50;1;2;2828
1;44;1;2;0
12;47;1;2;1513
4;45;1;2;207
45;8;1;2;1083
27;1;1;2;2422
49;29;1;2;2528
11;2;1;2;767
9;46;1;2;1434
50;39;1;2;1242
22;35;1;2;2191
2;36;1;2;134
8;47;1;2;1982
23;2;1;2;2327
30;47;1;2;2986
15;25;1;2;1087
39;23;1;2;165
17;35;1;2;119
37;45;1;2;1214
23;47;1;2;153
15;18;1;2;87
9;22;1;2;422
45;29;1;2;320
28;3;1;2;422
7;32;1;2;720
45;49;1;2;1344
34;37;1;2;2468
50;6;1;2;604
19;42;1;2;2401
35;14;1;2;1997
38;31;1;2;2864
28;39;1;2;2887
50;33;1;2;1367
23;12;1;2;169

1;1;11;157
2;1;20;201
3;1;26;252
4;1;33;389
5;1;24;524
6;1;15;575
7;1;29;626
8;1;48;681
9;1;2;732
10;1;47;758
11;1;14;913
12;1;48;974
13;1;40;1025
14;1;35;1142
15;1;47;1283
16;1;2;1419
17;1;9;1612
18;1;3;1733
19;1;42;1784
20;1;48;1835
21;1;30;1886
22;1;18;1966
23;1;22;2027
24;1;22;2078
25;1;13;2136
26;1;24;2187
27;1;4;2238
28;1;10;2289
29;1;4;2340
30;1;45;2703
31;1;46;2808
32;1;14;2859
33;1;19;2910
34;1;4;2961
35;1;22;3012
36;1;1;3063
37;1;9;3114
38;1;26;3165
39;1;43;3216
40;1;33;3267
41;1;35;3318
42;1;19;3393
43;1;39;3444
44;1;31;3495
45;1;24;3563
46;1;47;3742
47;1;43;3791
48;1;9;3864
49;1;4;3958
50;1;50;3969
*** EOF ***