**** 29 ****
100
16;18;1;2;88
12;14;1;2;47
20;10;1;2;97
2;9;1;2;54
4;2;1;2;62
2;15;1;2;68
3;17;1;2;70
5;15;1;2;19
15;9;1;2;42
15;10;1;2;7
2;5;1;2;76
2;16;1;2;90
10;7;1;2;59
19;1;1;2;79
13;4;1;2;93
7;17;1;2;87
8;20;1;2;95
10;16;1;2;50
9;10;1;2;30
3;16;1;2;79
3;17;1;2;44
19;18;1;2;91
1;19;1;2;78
12;17;1;2;58
12;1;1;2;13
5;20;1;2;10
12;7;1;2;21
8;16;1;2;76
10;4;1;2;65
20;19;1;2;32
19;1;1;2;60
3;19;1;2;37
7;12;1;2;68
5;3;1;2;96
15;14;1;2;29
20;10;1;2;28
10;14;1;2;14
11;1;1;2;61
19;2;1;2;36
16;1;1;2;34
8;19;1;2;14
8;14;1;2;5
18;20;1;2;48
18;16;1;2;50
14;2;1;2;96
3;1;1;2;25
11;11;1;2;78
17;13;1;2;50
18;12;1;2;91
7;7;1;2;83
1;7;1;2;54
8;14;1;2;47
5;3;1;2;58
13;20;1;2;65
15;14;1;2;26
11;8;1;2;58
9;11;1;2;20
19;7;1;2;33
2;17;1;2;76
13;3;1;2;14
9;15;1;2;80
3;2;1;2;86
2;18;1;2;68
12;2;1;2;48
17;17;1;2;73
15;19;1;2;72
13;7;1;2;22
14;18;1;2;41
19;19;1;2;37
15;3;1;2;51
9;11;1;2;65
2;13;1;2;99
8;14;1;2;56
16;17;1;2;38
16;13;1;2;46
9;19;1;2;24
2;4;1;2;3
16;9;1;2;60
17;7;1;2;98
14;13;1;2;60
5;13;1;2;83
3;14;1;2;15
2;13;1;2;61
10;9;1;2;77
8;4;1;2;82
6;5;1;2;52
3;18;1;2;95
18;13;1;2;83
18;2;1;2;0
8;15;1;2;73
20;12;1;2;66
3;14;1;2;11
11;7;1;2;44
12;16;1;2;84
1;16;1;2;79
15;1;1;2;3
8;15;1;2;32
15;12;1;2;85
19;9;1;2;6
20;8;1;2;32

1;1;3;9
2;1;5;17
3;1;15;38
4;1;4;59
5;1;1;80
6;1;19;101
7;1;7;122
8;1;2;143
9;1;16;164
10;1;9;185
11;1;1;206
12;1;18;227
13;1;17;248
14;1;10;269
15;1;16;290
16;1;18;311
17;1;16;332
18;1;9;353
19;1;8;374
20;1;2;395
21;1;3;416
22;1;16;437
23;1;19;458
24;1;10;479
25;1;16;500
26;1;18;521
27;1;1;542
28;1;7;563
29;1;11;584
30;1;4;605
31;1;20;626
32;1;10;647
33;1;9;668
34;1;5;689
35;1;11;710
36;1;12;731
37;1;4;752
38;1;1;773
39;1;12;794
40;1;20;815
*** EOF ***