**** 91 ****
100
24;36;1;2;2764
3;20;1;2;2681
13;41;1;2;405
6;30;1;2;1819
12;24;1;2;578
11;9;1;2;1834
4;6;1;2;1051
7;18;1;2;2069
48;38;1;2;1093
1;14;1;2;2154
30;40;1;2;889
46;44;1;2;0
29;8;1;2;2099
34;13;1;2;130
3;24;1;2;755
34;37;1;2;465
20;42;1;2;2370
21;48;1;2;2640
42;46;1;2;227
37;46;1;2;993
42;27;1;2;2382
31;24;1;2;2577
42;3;1;2;135
43;36;1;2;1297
23;41;1;2;1823
30;26;1;2;1511
45;45;1;2;252
18;18;1;2;2502
8;9;1;2;1999
35;48;1;2;696
30;39;1;2;2824
14;21;1;2;2147
42;13;1;2;1699
27;5;1;2;2237
26;30;1;2;2227
49;9;1;2;2952
12;6;1;2;598
17;23;1;2;1865
19;30;1;2;526
18;16;1;2;673
16;48;1;2;1813
40;11;1;2;1835
37;2;1;2;397
37;30;1;2;654
24;6;1;2;2735
3;6;1;2;1043
5;18;1;2;100
3;34;1;2;1572
21;4;1;2;2803
47;23;1;2;1021
22;38;1;2;570
37;27;1;2;480
22;13;1;2;1034
22;1;1;2;2365
28;26;1;2;2420
13;28;1;2;1078
8;34;1;2;2497
9;39;1;2;930
33;11;1;2;2935
39;9;1;2;807
10;30;1;2;1594
30;18;1;2;2120
12;41;1;2;1532
48;12;1;2;2235
14;39;1;2;2760
36;1;1;2;40
16;11;1;2;25
13;19;1;2;2963
45;1;1;2;2775
30;39;1;2;2283
37;50;1;2;2864
31;31;1;2;331
3;45;1;2;2872
38;42;1;2;2235
23;7;1;2;1724
35;45;1;2;1776
25;10;1;2;436
3;23;1;2;1156
18;19;1;2;2157
44;49;1;2;1297
27;37;1;2;2247
42;18;1;2;279
23;22;1;2;1523
47;9;1;2;1365
33;31;1;2;2873
9;16;1;2;2117
37;42;1;2;527
24;46;1;2;951
30;14;1;2;1319
39;7;1;2;1919
39;33;1;2;206
36;26;1;2;1125
15;1;1;2;796
39;47;1;2;1105
6;31;1;2;1637
29;39;1;2;2154
49;26;1;2;48
28;1;1;2;1343
29;32;1;2;356
50;21;1;2;2862

1;1;48;61
2;1;45;152
3;1;43;203
4;1;4;254
5;1;4;505
6;1;24;592
7;1;32;643
8;1;41;694
9;1;7;745
10;1;3;796
11;1;42;828
12;1;35;879
13;1;25;930
14;1;49;981
15;1;12;1032
16;1;21;1083
17;1;33;1134
18;1;50;1185
19;1;41;1359
20;1;45;1452
21;1;30;1502
22;1;7;1564
23;1;16;1594
24;1;33;1648
25;1;47;1699
26;1;31;2254
27;1;11;2305
28;1;31;2356
29;1;5;2414
30;1;36;2499
31;1;18;2537
32;1;21;2589
33;1;19;2615
34;1;20;2669
35;1;12;2702
36;1;18;2967
37;1;2;2996
38;1;17;3023
39;1;41;3145
40;1;2;3272
41;1;43;3442
42;1;42;3493
43;1;43;3561
44;1;23;3700
45;1;38;3751
46;1;30;3800
47;1;42;3851
48;1;17;3902
49;1;3;3953
50;1;22;4004
*** EOF ***