**** 17 ****
100
15;14;1;2;30
10;9;1;2;11
8;18;1;2;62
12;15;1;2;29
8;16;1;2;90
7;16;1;2;85
8;12;1;2;73
1;18;1;2;39
13;15;1;2;19
12;14;1;2;74
18;20;1;2;60
8;10;1;2;60
11;9;1;2;77
13;12;1;2;52
14;19;1;2;7
4;17;1;2;94
9;5;1;2;77
15;17;1;2;6
14;9;1;2;13
5;20;1;2;66
12;9;1;2;58
12;8;1;2;79
12;19;1;2;87
1;11;1;2;50
5;17;1;2;8
4;12;1;2;56
10;13;1;2;0
8;7;1;2;76
14;12;1;2;37
7;16;1;2;56
6;19;1;2;65
16;10;1;2;44
15;13;1;2;2
14;6;1;2;5
4;10;1;2;81
4;6;1;2;72
20;15;1;2;64
13;14;1;2;82
1;20;1;2;13
18;6;1;2;81
7;3;1;2;59
4;18;1;2;61
8;4;1;2;45
11;17;1;2;90
16;12;1;2;52
9;15;1;2;89
1;7;1;2;43
18;19;1;2;49
20;19;1;2;8
6;9;1;2;85
19;15;1;2;0
10;18;1;2;57
3;17;1;2;93
9;7;1;2;89
11;14;1;2;53
3;2;1;2;39
12;15;1;2;5
8;12;1;2;55
9;3;1;2;66
17;20;1;2;74
14;18;1;2;40
14;8;1;2;29
4;10;1;2;85
17;10;1;2;12
18;1;1;2;17
3;3;1;2;79
3;7;1;2;25
20;6;1;2;16
8;6;1;2;90
14;14;1;2;10
20;7;1;2;7
20;13;1;2;46
9;8;1;2;36
14;4;1;2;77
18;13;1;2;57
16;8;1;2;32
7;2;1;2;90
12;1;1;2;75
20;8;1;2;92
10;13;1;2;45
12;4;1;2;71
20;3;1;2;75
18;3;1;2;62
6;9;1;2;77
4;6;1;2;10
1;13;1;2;69
13;19;1;2;90
3;2;1;2;82
10;1;1;2;50
2;3;1;2;14
7;14;1;2;98
11;5;1;2;92
6;3;1;2;27
1;8;1;2;35
18;11;1;2;32
20;12;1;2;85
9;16;1;2;75
19;11;1;2;77
2;12;1;2;9
4;6;1;2;11

1;1;19;39
2;1;10;60
3;1;8;129
4;1;12;169
5;1;2;218
6;1;11;231
7;1;13;259
8;1;13;293
9;1;8;314
10;1;9;335
11;1;12;357
12;1;13;370
13;1;4;514
14;1;3;680
15;1;9;788
16;1;9;832
17;1;20;888
18;1;12;1006
19;1;17;1027
20;1;1;1048
21;1;16;1069
22;1;9;1090
23;1;2;1107
24;1;7;1152
25;1;8;1173
26;1;8;1194
27;1;7;1215
28;1;18;1236
29;1;9;1257
30;1;18;1278
31;1;7;1318
32;1;4;1328
33;1;15;1344
34;1;11;1396
35;1;12;1417
36;1;10;1442
37;1;11;1466
38;1;1;1510
39;1;17;1565
40;1;6;1595
*** EOF ***