**** 16 ****
100
20;13;1;2;90
10;17;1;2;63
20;10;1;2;56
5;15;1;2;96
13;9;1;2;58
4;13;1;2;78
15;7;1;2;24
9;12;1;2;64
8;15;1;2;69
4;3;1;2;24
2;3;1;2;96
4;12;1;2;92
8;3;1;2;53
16;7;1;2;59
13;11;1;2;27
3;6;1;2;91
1;1;1;2;77
17;1;1;2;68
13;20;1;2;54
14;3;1;2;56
18;16;1;2;90
6;20;1;2;42
10;19;1;2;96
15;14;1;2;83
14;18;1;2;85
1;20;1;2;43
12;12;1;2;83
1;8;1;2;43
1;12;1;2;34
15;6;1;2;57
4;15;1;2;4
14;1;1;2;63
8;2;1;2;1
5;17;1;2;27
20;10;1;2;36
17;3;1;2;88
20;6;1;2;59
3;7;1;2;79
18;7;1;2;10
13;14;1;2;75
2;9;1;2;50
6;14;1;2;82
2;2;1;2;63
15;18;1;2;51
2;9;1;2;1
11;5;1;2;95
19;5;1;2;20
18;7;1;2;6
17;17;1;2;25
20;1;1;2;30
15;2;1;2;30
17;19;1;2;63
11;20;1;2;76
7;15;1;2;65
18;8;1;2;13
11;18;1;2;58
6;8;1;2;42
19;6;1;2;0
5;14;1;2;28
2;13;1;2;8
4;20;1;2;1
14;8;1;2;12
10;19;1;2;51
6;17;1;2;77
12;6;1;2;17
5;9;1;2;6
15;14;1;2;34
17;12;1;2;11
10;9;1;2;64
18;2;1;2;9
7;6;1;2;68
20;11;1;2;95
12;20;1;2;25
16;6;1;2;21
5;9;1;2;39
2;5;1;2;27
1;20;1;2;32
15;16;1;2;76
18;5;1;2;64
2;15;1;2;77
11;1;1;2;42
11;12;1;2;45
19;4;1;2;44
4;19;1;2;21
18;15;1;2;89
17;17;1;2;66
4;17;1;2;5
16;3;1;2;52
12;12;1;2;57
8;13;1;2;3
6;16;1;2;95
20;18;1;2;86
5;16;1;2;89
10;20;1;2;59
3;17;1;2;74
5;13;1;2;2
11;8;1;2;50
16;3;1;2;4
8;15;1;2;75
17;14;1;2;79

1;1;2;64
2;1;11;147
3;1;15;198
4;1;7;250
5;1;3;304
6;1;2;311
7;1;15;379
8;1;11;400
9;1;16;421
10;1;20;442
11;1;19;463
12;1;19;484
13;1;18;601
14;1;3;651
15;1;6;674
16;1;5;842
17;1;8;863
18;1;14;900
19;1;12;920
20;1;2;985
21;1;15;1136
22;1;14;1154
23;1;13;1175
24;1;19;1196
25;1;2;1217
26;1;3;1236
27;1;7;1257
28;1;13;1279
29;1;5;1300
30;1;7;1321
31;1;1;1358
32;1;17;1378
33;1;13;1399
34;1;19;1420
35;1;1;1441
36;1;12;1462
37;1;19;1483
38;1;13;1504
39;1;17;1525
40;1;1;1546
*** EOF ***