**** 18 ****
100
19;14;1;2;5
11;10;1;2;18
7;12;1;2;55
14;3;1;2;27
14;10;1;2;59
6;11;1;2;38
11;17;1;2;0
19;2;1;2;7
12;8;1;2;96
6;12;1;2;75
2;2;1;2;60
7;5;1;2;50
5;11;1;2;53
13;16;1;2;67
20;9;1;2;96
19;7;1;2;38
10;17;1;2;35
11;15;1;2;8
10;18;1;2;88
18;15;1;2;91
13;16;1;2;33
6;2;1;2;77
8;19;1;2;99
13;11;1;2;34
1;2;1;2;54
9;12;1;2;20
20;1;1;2;17
15;3;1;2;83
15;12;1;2;61
3;9;1;2;75
15;14;1;2;23
8;11;1;2;4
17;18;1;2;94
8;2;1;2;96
2;14;1;2;37
16;3;1;2;29
9;2;1;2;9
18;8;1;2;84
1;2;1;2;55
2;5;1;2;76
10;11;1;2;21
13;18;1;2;3
9;6;1;2;20
16;13;1;2;33
12;6;1;2;7
10;13;1;2;89
11;1;1;2;22
20;18;1;2;89
4;11;1;2;2
12;4;1;2;46
20;13;1;2;16
1;17;1;2;45
4;18;1;2;62
16;5;1;2;66
1;16;1;2;43
8;5;1;2;96
9;7;1;2;48
3;19;1;2;18
12;14;1;2;88
15;5;1;2;71
13;16;1;2;96
2;8;1;2;84
19;3;1;2;93
14;10;1;2;17
20;11;1;2;53
4;10;1;2;89
12;19;1;2;56
20;1;1;2;14
18;5;1;2;47
18;11;1;2;64
10;15;1;2;39
18;8;1;2;47
2;7;1;2;89
16;12;1;2;39
13;11;1;2;29
18;6;1;2;70
8;9;1;2;48
16;1;1;2;41
10;18;1;2;37
17;8;1;2;87
13;17;1;2;93
13;14;1;2;21
12;7;1;2;19
1;2;1;2;50
12;7;1;2;32
13;4;1;2;10
4;11;1;2;78
12;6;1;2;38
5;7;1;2;8
2;16;1;2;75
1;8;1;2;11
15;12;1;2;16
8;3;1;2;22
7;4;1;2;76
17;7;1;2;42
1;20;1;2;25
11;3;1;2;68
10;6;1;2;25
8;3;1;2;12
16;4;1;2;79

1;1;7;16
2;1;12;25
3;1;19;63
4;1;10;122
5;1;6;157
6;1;1;175
7;1;2;179
8;1;5;183
9;1;7;240
10;1;8;352
11;1;6;425
12;1;18;436
13;1;15;559
14;1;10;662
15;1;11;674
16;1;11;687
17;1;6;743
18;1;16;753
19;1;18;795
20;1;6;816
21;1;15;837
22;1;5;857
23;1;5;905
24;1;19;933
25;1;16;967
26;1;20;988
27;1;15;1062
28;1;3;1110
29;1;17;1167
30;1;14;1220
31;1;4;1273
32;1;14;1278
33;1;11;1299
34;1;11;1311
35;1;19;1372
36;1;1;1393
37;1;16;1397
38;1;13;1420
39;1;2;1446
40;1;6;1567
*** EOF ***