**** 30 ****
100
2;14;1;2;19
3;3;1;2;43
17;15;1;2;62
4;17;1;2;54
15;4;1;2;21
8;14;1;2;23
1;17;1;2;64
18;6;1;2;45
15;12;1;2;11
7;11;1;2;62
15;4;1;2;75
7;7;1;2;17
2;15;1;2;83
4;18;1;2;39
18;13;1;2;35
20;12;1;2;28
15;5;1;2;64
12;2;1;2;81
17;16;1;2;84
20;14;1;2;15
2;1;1;2;98
9;7;1;2;76
19;8;1;2;30
2;3;1;2;80
2;20;1;2;72
9;11;1;2;35
17;18;1;2;99
13;9;1;2;40
6;17;1;2;96
10;9;1;2;1
17;2;1;2;61
16;11;1;2;99
4;1;1;2;58
15;2;1;2;0
15;15;1;2;32
19;15;1;2;22
14;3;1;2;51
14;15;1;2;31
6;12;1;2;60
2;14;1;2;48
16;10;1;2;9
17;17;1;2;71
17;1;1;2;51
7;15;1;2;33
8;1;1;2;59
20;11;1;2;14
14;4;1;2;76
18;9;1;2;63
9;15;1;2;6
9;8;1;2;39
17;3;1;2;29
19;12;1;2;25
10;20;1;2;5
2;6;1;2;51
7;13;1;2;43
18;4;1;2;53
4;10;1;2;69
1;7;1;2;37
16;7;1;2;3
14;16;1;2;11
14;4;1;2;65
15;14;1;2;76
12;4;1;2;95
10;5;1;2;81
13;3;1;2;85
17;20;1;2;41
10;4;1;2;70
11;16;1;2;28
9;3;1;2;94
4;16;1;2;81
7;1;1;2;37
13;7;1;2;70
1;19;1;2;53
9;20;1;2;89
2;12;1;2;63
7;8;1;2;83
20;10;1;2;18
2;20;1;2;45
10;20;1;2;27
17;4;1;2;74
10;10;1;2;27
7;14;1;2;13
10;7;1;2;63
15;15;1;2;82
5;16;1;2;74
8;14;1;2;33
3;14;1;2;62
13;7;1;2;82
18;17;1;2;81
17;5;1;2;64
12;14;1;2;46
11;13;1;2;39
4;2;1;2;25
20;16;1;2;51
2;12;1;2;98
8;12;1;2;52
2;6;1;2;57
4;19;1;2;83
18;16;1;2;11
20;13;1;2;87

1;1;13;8
2;1;7;29
3;1;17;50
4;1;17;71
5;1;11;92
6;1;3;113
7;1;7;134
8;1;1;155
9;1;3;176
10;1;14;197
11;1;2;218
12;1;13;239
13;1;11;260
14;1;4;281
15;1;8;302
16;1;6;323
17;1;9;344
18;1;16;365
19;1;14;386
20;1;20;407
21;1;9;428
22;1;14;449
23;1;13;470
24;1;14;491
25;1;1;512
26;1;20;533
27;1;5;554
28;1;17;575
29;1;1;596
30;1;12;617
31;1;6;638
32;1;16;659
33;1;2;680
34;1;8;701
35;1;4;722
36;1;6;743
37;1;14;764
38;1;16;785
39;1;6;806
40;1;8;827
*** EOF ***