**** 4 ****
100
4;1;1;2;19
10;11;1;2;23
10;1;1;2;6
9;11;1;2;25
11;20;1;2;32
1;20;1;2;9
15;13;1;2;5
18;13;1;2;30
12;15;1;2;4
1;9;1;2;19
10;4;1;2;31
10;13;1;2;1
13;3;1;2;1
12;11;1;2;3
17;1;1;2;22
9;14;1;2;33
11;8;1;2;18
8;17;1;2;10
11;9;1;2;36
15;1;1;2;16
6;11;1;2;39
17;20;1;2;32
10;4;1;2;6
3;15;1;2;16
6;3;1;2;8
1;4;1;2;21
14;14;1;2;1
12;13;1;2;37
14;3;1;2;37
2;10;1;2;18
18;15;1;2;28
10;4;1;2;39
14;13;1;2;2
20;16;1;2;29
8;13;1;2;31
16;13;1;2;34
10;19;1;2;39
11;2;1;2;12
8;16;1;2;6
6;9;1;2;35
4;19;1;2;30
4;8;1;2;13
3;13;1;2;17
17;12;1;2;4
6;19;1;2;17
18;14;1;2;29
4;3;1;2;27
4;5;1;2;21
8;13;1;2;36
14;10;1;2;4
2;5;1;2;14
12;8;1;2;1
17;10;1;2;13
6;18;1;2;16
11;4;1;2;26
8;13;1;2;12
9;16;1;2;26
9;11;1;2;31
10;18;1;2;15
18;4;1;2;24
14;5;1;2;28
9;8;1;2;7
10;16;1;2;8
16;1;1;2;25
4;3;1;2;8
11;2;1;2;12
3;11;1;2;8
9;19;1;2;10
12;20;1;2;0
7;17;1;2;23
11;10;1;2;19
11;18;1;2;18
10;20;1;2;33
18;7;1;2;25
16;2;1;2;8
16;12;1;2;29
9;6;1;2;31
17;7;1;2;1
7;18;1;2;0
19;17;1;2;8
2;19;1;2;30
13;10;1;2;39
11;11;1;2;30
4;9;1;2;8
2;4;1;2;30
10;19;1;2;33
11;19;1;2;31
15;7;1;2;17
16;6;1;2;6
9;4;1;2;14
17;6;1;2;33
19;18;1;2;34
19;9;1;2;24
9;4;1;2;12
18;5;1;2;7
20;6;1;2;18
13;9;1;2;16
4;3;1;2;3
13;10;1;2;28
12;10;1;2;11

1;1;4;27
2;1;8;61
3;1;7;91
4;1;5;106
5;1;5;157
6;1;5;164
7;1;10;220
8;1;6;248
9;1;10;416
10;1;5;427
11;1;9;533
12;1;9;591
13;1;2;655
14;1;7;694
15;1;4;760
16;1;8;876
17;1;9;930
18;1;6;1279
19;1;8;1483
20;1;9;1581
*** EOF ***