**** 15 ****
100
3;13;1;2;21
14;11;1;2;32
11;9;1;2;2
20;15;1;2;96
1;3;1;2;23
18;20;1;2;17
3;17;1;2;13
1;10;1;2;14
19;19;1;2;21
1;4;1;2;12
18;6;1;2;44
11;11;1;2;95
15;13;1;2;95
18;13;1;2;89
6;5;1;2;23
1;3;1;2;23
18;5;1;2;91
11;5;1;2;92
17;15;1;2;90
10;8;1;2;93
2;5;1;2;10
19;8;1;2;93
14;2;1;2;45
1;11;1;2;97
3;9;1;2;54
6;9;1;2;56
1;7;1;2;32
12;9;1;2;68
4;6;1;2;42
6;15;1;2;9
19;17;1;2;46
2;15;1;2;73
15;20;1;2;26
20;12;1;2;57
10;14;1;2;65
4;12;1;2;25
12;12;1;2;51
16;4;1;2;12
4;19;1;2;17
18;5;1;2;43
8;15;1;2;51
6;16;1;2;37
19;10;1;2;48
5;2;1;2;80
14;3;1;2;25
11;18;1;2;56
17;9;1;2;48
20;4;1;2;43
12;19;1;2;81
1;16;1;2;57
5;15;1;2;64
16;20;1;2;11
14;10;1;2;93
2;7;1;2;54
14;20;1;2;96
20;3;1;2;25
16;19;1;2;93
16;18;1;2;88
19;2;1;2;78
13;2;1;2;53
2;18;1;2;28
6;6;1;2;47
18;19;1;2;89
3;12;1;2;75
17;18;1;2;66
5;17;1;2;28
10;4;1;2;86
15;20;1;2;96
15;10;1;2;69
13;2;1;2;22
18;16;1;2;0
6;1;1;2;5
6;10;1;2;75
7;12;1;2;58
2;20;1;2;35
8;16;1;2;31
9;5;1;2;7
7;11;1;2;6
15;17;1;2;75
4;9;1;2;49
7;19;1;2;84
19;16;1;2;96
4;13;1;2;98
11;19;1;2;81
9;20;1;2;53
5;20;1;2;8
8;20;1;2;25
15;6;1;2;47
1;1;1;2;64
9;4;1;2;4
10;2;1;2;22
14;20;1;2;98
2;15;1;2;30
12;5;1;2;9
14;14;1;2;60
7;18;1;2;51
7;5;1;2;10
12;20;1;2;28
20;12;1;2;48
4;12;1;2;43

1;1;17;13
2;1;14;34
3;1;1;55
4;1;15;76
5;1;15;97
6;1;9;118
7;1;2;139
8;1;4;160
9;1;3;181
10;1;2;202
11;1;11;223
12;1;9;244
13;1;17;265
14;1;17;286
15;1;1;307
16;1;1;328
17;1;16;349
18;1;1;370
19;1;2;391
20;1;4;412
21;1;19;433
22;1;7;454
23;1;17;475
24;1;20;496
25;1;13;517
26;1;3;538
27;1;7;559
28;1;4;580
29;1;11;601
30;1;20;622
31;1;8;643
32;1;17;664
33;1;6;685
34;1;5;706
35;1;6;727
36;1;7;748
37;1;14;769
38;1;3;790
39;1;19;811
40;1;18;832
*** EOF ***