**** 1 ****
100
9;15;1;2;39
8;19;1;2;7
18;5;1;2;37
19;12;1;2;29
11;8;1;2;6
3;10;1;2;5
5;3;1;2;20
10;20;1;2;27
12;6;1;2;25
15;17;1;2;11
20;6;1;2;37
11;5;1;2;27
18;3;1;2;11
15;1;1;2;23
16;3;1;2;2
2;17;1;2;23
7;1;1;2;26
20;3;1;2;5
19;14;1;2;22
16;8;1;2;38
19;19;1;2;15
17;9;1;2;0
4;19;1;2;34
16;5;1;2;14
11;1;1;2;28
13;14;1;2;25
17;13;1;2;17
15;12;1;2;19
12;2;1;2;33
14;17;1;2;32
12;15;1;2;23
20;3;1;2;11
12;7;1;2;29
6;14;1;2;34
12;4;1;2;6
20;8;1;2;39
17;16;1;2;11
15;10;1;2;14
14;1;1;2;35
19;6;1;2;3
4;10;1;2;18
7;9;1;2;20
10;20;1;2;38
20;17;1;2;11
6;20;1;2;26
4;19;1;2;14
3;16;1;2;29
15;2;1;2;11
1;15;1;2;3
17;6;1;2;29
12;9;1;2;38
10;7;1;2;38
3;16;1;2;37
13;7;1;2;5
5;4;1;2;4
3;7;1;2;14
17;10;1;2;21
19;16;1;2;2
2;16;1;2;17
5;4;1;2;34
14;16;1;2;22
4;17;1;2;28
2;11;1;2;15
11;4;1;2;22
16;20;1;2;25
12;2;1;2;32
7;11;1;2;33
8;9;1;2;8
11;10;1;2;35
20;6;1;2;31
14;12;1;2;38
8;15;1;2;34
8;9;1;2;17
3;19;1;2;32
5;7;1;2;11
11;10;1;2;4
15;16;1;2;34
8;16;1;2;34
8;6;1;2;15
15;17;1;2;21
6;2;1;2;32
4;9;1;2;6
11;8;1;2;6
20;10;1;2;5
12;15;1;2;23
15;17;1;2;32
11;3;1;2;8
6;10;1;2;35
12;9;1;2;20
8;3;1;2;28
9;9;1;2;29
1;4;1;2;29
19;14;1;2;16
6;13;1;2;5
3;16;1;2;11
6;10;1;2;19
10;1;1;2;21
10;18;1;2;2
5;1;1;2;10
17;8;1;2;25

1;1;6;178
2;1;1;367
3;1;6;424
4;1;4;447
5;1;5;600
6;1;3;647
7;1;9;685
8;1;8;717
9;1;7;771
10;1;6;809
11;1;5;826
12;1;2;847
13;1;2;1110
14;1;3;1170
15;1;6;1233
16;1;2;1365
17;1;7;1388
18;1;7;1399
19;1;2;1408
20;1;7;1419
*** EOF ***