**** 6 ****
100
19;15;1;2;94
1;16;1;2;40
5;17;1;2;88
6;7;1;2;98
8;7;1;2;58
9;13;1;2;88
18;20;1;2;74
13;18;1;2;15
17;10;1;2;46
8;10;1;2;75
4;1;1;2;29
18;1;1;2;96
18;17;1;2;65
7;15;1;2;91
17;2;1;2;37
8;2;1;2;22
16;20;1;2;1
2;4;1;2;79
17;20;1;2;80
15;19;1;2;21
10;2;1;2;41
12;19;1;2;14
8;9;1;2;82
13;15;1;2;16
5;3;1;2;9
14;10;1;2;31
8;5;1;2;10
2;18;1;2;53
1;7;1;2;84
13;1;1;2;42
6;11;1;2;23
20;2;1;2;73
6;1;1;2;81
8;6;1;2;35
5;2;1;2;38
14;15;1;2;99
5;15;1;2;4
7;16;1;2;33
12;8;1;2;99
16;12;1;2;0
18;17;1;2;62
13;16;1;2;15
7;1;1;2;55
8;9;1;2;52
16;5;1;2;93
6;18;1;2;68
5;15;1;2;54
1;13;1;2;49
15;5;1;2;36
6;12;1;2;99
18;2;1;2;55
20;14;1;2;3
7;12;1;2;55
15;12;1;2;95
7;19;1;2;39
1;4;1;2;49
1;20;1;2;55
15;13;1;2;67
16;19;1;2;43
4;4;1;2;15
3;2;1;2;76
18;13;1;2;1
13;20;1;2;65
9;6;1;2;96
4;12;1;2;34
4;4;1;2;69
5;4;1;2;0
20;10;1;2;32
7;5;1;2;2
11;8;1;2;6
18;10;1;2;99
6;20;1;2;91
7;12;1;2;2
12;12;1;2;87
20;16;1;2;51
6;11;1;2;34
7;15;1;2;10
8;14;1;2;79
12;12;1;2;44
15;2;1;2;43
13;11;1;2;25
12;16;1;2;44
3;15;1;2;7
18;18;1;2;71
17;18;1;2;26
8;3;1;2;68
15;10;1;2;94
17;9;1;2;7
16;20;1;2;30
12;6;1;2;4
8;18;1;2;94
13;9;1;2;30
17;4;1;2;64
16;1;1;2;61
7;9;1;2;70
5;9;1;2;25
5;3;1;2;94
19;19;1;2;34
18;6;1;2;25
9;10;1;2;71

1;1;19;11
2;1;10;32
3;1;5;56
4;1;9;77
5;1;17;98
6;1;15;119
7;1;11;163
8;1;14;189
9;1;20;338
10;1;1;371
11;1;20;375
12;1;2;396
13;1;3;475
14;1;5;496
15;1;17;533
16;1;20;554
17;1;16;577
18;1;20;598
19;1;13;693
20;1;3;739
21;1;19;764
22;1;18;785
23;1;5;818
24;1;12;858
25;1;16;879
26;1;13;900
27;1;12;1026
28;1;13;1040
29;1;12;1084
30;1;4;1131
31;1;10;1159
32;1;12;1235
33;1;9;1256
34;1;15;1316
35;1;19;1333
36;1;1;1409
37;1;15;1485
38;1;20;1512
39;1;4;1533
40;1;11;1560
*** EOF ***