**** 8 ****
100
12;10;1;2;27
10;14;1;2;27
7;3;1;2;2
17;13;1;2;40
19;8;1;2;73
5;11;1;2;90
2;5;1;2;20
12;17;1;2;92
11;18;1;2;72
6;14;1;2;75
16;17;1;2;64
3;6;1;2;30
11;12;1;2;84
5;20;1;2;96
5;18;1;2;36
19;15;1;2;98
1;8;1;2;62
14;19;1;2;30
18;1;1;2;47
2;19;1;2;52
17;14;1;2;48
2;8;1;2;93
4;18;1;2;17
8;15;1;2;16
17;11;1;2;6
13;1;1;2;52
11;2;1;2;79
5;7;1;2;89
15;16;1;2;69
14;17;1;2;47
6;13;1;2;20
14;6;1;2;20
7;9;1;2;69
16;17;1;2;23
5;13;1;2;74
11;17;1;2;94
3;19;1;2;27
2;15;1;2;45
3;1;1;2;40
12;14;1;2;88
20;11;1;2;61
12;4;1;2;78
12;2;1;2;67
2;18;1;2;15
17;2;1;2;19
11;4;1;2;67
18;18;1;2;5
17;11;1;2;99
15;13;1;2;79
15;4;1;2;44
16;15;1;2;94
17;7;1;2;77
15;10;1;2;90
14;3;1;2;99
1;20;1;2;20
20;2;1;2;15
7;11;1;2;32
4;8;1;2;2
15;2;1;2;66
14;8;1;2;90
10;15;1;2;24
4;11;1;2;42
13;18;1;2;64
4;3;1;2;6
3;4;1;2;97
16;15;1;2;59
11;14;1;2;89
16;17;1;2;68
10;12;1;2;41
17;17;1;2;0
19;19;1;2;35
15;2;1;2;58
18;15;1;2;95
14;18;1;2;17
20;12;1;2;92
18;7;1;2;87
9;10;1;2;20
18;5;1;2;96
19;6;1;2;19
20;2;1;2;68
1;12;1;2;86
17;7;1;2;67
7;16;1;2;93
2;9;1;2;50
11;20;1;2;94
4;9;1;2;40
11;17;1;2;9
11;7;1;2;85
19;5;1;2;23
11;4;1;2;36
11;17;1;2;68
17;5;1;2;94
16;11;1;2;61
2;4;1;2;29
4;14;1;2;8
18;9;1;2;97
19;19;1;2;5
20;1;1;2;71
18;20;1;2;15
1;2;1;2;31

1;1;11;73
2;1;16;264
3;1;4;283
4;1;4;304
5;1;16;325
6;1;13;346
7;1;7;367
8;1;9;388
9;1;15;409
10;1;5;430
11;1;17;451
12;1;2;489
13;1;7;535
14;1;6;700
15;1;16;721
16;1;6;801
17;1;15;837
18;1;16;862
19;1;11;883
20;1;15;944
21;1;12;985
22;1;6;1006
23;1;13;1027
24;1;11;1048
25;1;17;1072
26;1;2;1103
27;1;17;1151
28;1;14;1206
29;1;2;1223
30;1;16;1244
31;1;12;1277
32;1;15;1298
33;1;16;1319
34;1;10;1340
35;1;12;1361
36;1;13;1382
37;1;4;1478
38;1;1;1499
39;1;17;1584
40;1;18;1605
*** EOF ***