**** 2 ****
100
13;7;1;2;22
5;10;1;2;37
20;20;1;2;9
13;15;1;2;12
16;20;1;2;6
6;20;1;2;3
10;5;1;2;1
18;1;1;2;27
14;8;1;2;28
7;7;1;2;20
8;11;1;2;38
2;16;1;2;39
11;15;1;2;18
20;20;1;2;4
4;15;1;2;23
11;20;1;2;23
6;1;1;2;19
7;19;1;2;39
6;12;1;2;18
15;10;1;2;24
7;17;1;2;34
17;10;1;2;1
16;20;1;2;16
6;12;1;2;15
10;15;1;2;21
6;17;1;2;12
9;2;1;2;12
20;9;1;2;22
11;14;1;2;5
9;20;1;2;34
5;18;1;2;22
11;6;1;2;31
13;1;1;2;3
1;18;1;2;34
8;8;1;2;0
9;13;1;2;37
1;13;1;2;18
5;12;1;2;18
20;2;1;2;24
5;2;1;2;23
20;6;1;2;13
2;16;1;2;38
6;20;1;2;11
1;20;1;2;28
15;7;1;2;7
7;15;1;2;11
4;7;1;2;23
3;4;1;2;6
13;3;1;2;39
17;7;1;2;20
13;18;1;2;37
6;12;1;2;5
16;9;1;2;4
7;9;1;2;4
16;15;1;2;2
15;1;1;2;29
7;5;1;2;7
10;19;1;2;30
17;11;1;2;24
8;20;1;2;3
9;4;1;2;32
6;1;1;2;23
11;16;1;2;23
8;3;1;2;11
12;10;1;2;37
6;16;1;2;38
15;2;1;2;34
3;12;1;2;4
5;20;1;2;6
2;19;1;2;17
5;7;1;2;20
17;5;1;2;20
13;15;1;2;16
16;2;1;2;10
20;5;1;2;31
17;3;1;2;6
7;17;1;2;28
13;11;1;2;31
9;16;1;2;22
16;17;1;2;0
13;13;1;2;27
14;1;1;2;3
6;13;1;2;29
2;1;1;2;23
4;20;1;2;27
15;8;1;2;29
14;7;1;2;18
2;11;1;2;8
5;20;1;2;15
7;15;1;2;23
19;19;1;2;35
18;12;1;2;28
1;18;1;2;0
11;11;1;2;32
14;15;1;2;23
13;1;1;2;11
15;14;1;2;9
13;7;1;2;19
13;3;1;2;38
1;1;1;2;24

1;1;10;238
2;1;10;604
3;1;4;633
4;1;2;760
5;1;10;788
6;1;10;876
7;1;2;1128
8;1;9;1139
9;1;5;1150
10;1;5;1269
11;1;10;1287
12;1;9;1344
13;1;2;1364
14;1;10;1516
15;1;7;1527
16;1;3;1538
17;1;1;1549
18;1;10;1555
19;1;8;1569
20;1;5;1592
*** EOF ***