**** 7 ****
100
6;14;1;2;52
14;4;1;2;74
7;12;1;2;47
18;9;1;2;75
16;4;1;2;19
15;12;1;2;35
10;1;1;2;6
15;17;1;2;84
11;10;1;2;37
1;13;1;2;25
20;10;1;2;50
13;4;1;2;34
19;2;1;2;57
19;19;1;2;85
14;14;1;2;0
5;1;1;2;83
1;2;1;2;84
19;16;1;2;72
3;18;1;2;13
12;18;1;2;45
9;18;1;2;67
19;2;1;2;10
5;12;1;2;31
14;10;1;2;62
11;4;1;2;87
11;20;1;2;79
15;20;1;2;40
11;10;1;2;67
15;12;1;2;65
8;3;1;2;42
6;11;1;2;11
13;2;1;2;72
3;6;1;2;4
6;20;1;2;5
20;10;1;2;0
8;13;1;2;60
7;19;1;2;71
20;1;1;2;41
7;15;1;2;52
12;2;1;2;47
7;19;1;2;97
18;11;1;2;58
3;5;1;2;16
19;3;1;2;75
4;2;1;2;76
17;9;1;2;68
17;8;1;2;38
8;7;1;2;18
9;5;1;2;32
14;17;1;2;46
1;3;1;2;56
10;12;1;2;79
1;14;1;2;23
17;4;1;2;77
4;20;1;2;99
20;16;1;2;79
1;12;1;2;98
19;11;1;2;44
10;20;1;2;41
14;13;1;2;97
20;5;1;2;11
9;14;1;2;42
8;14;1;2;68
3;10;1;2;43
1;13;1;2;22
12;5;1;2;57
11;17;1;2;8
10;7;1;2;99
6;16;1;2;70
7;10;1;2;74
16;1;1;2;58
7;9;1;2;23
2;8;1;2;77
2;11;1;2;38
5;3;1;2;83
8;14;1;2;39
17;4;1;2;75
18;5;1;2;81
9;3;1;2;77
19;1;1;2;98
5;9;1;2;90
15;7;1;2;11
18;8;1;2;38
15;1;1;2;48
6;6;1;2;70
1;5;1;2;55
20;1;1;2;31
15;18;1;2;95
8;18;1;2;49
17;16;1;2;82
15;12;1;2;90
6;6;1;2;36
17;4;1;2;16
15;10;1;2;96
16;15;1;2;73
18;7;1;2;17
14;6;1;2;90
17;12;1;2;99
4;20;1;2;97
14;16;1;2;4

1;1;9;61
2;1;2;82
3;1;9;103
4;1;13;124
5;1;4;145
6;1;8;166
7;1;11;187
8;1;16;208
9;1;2;229
10;1;10;341
11;1;13;362
12;1;14;383
13;1;14;404
14;1;20;431
15;1;2;652
16;1;3;666
17;1;9;671
18;1;19;705
19;1;9;779
20;1;11;800
21;1;19;814
22;1;12;914
23;1;13;945
24;1;15;980
25;1;12;1058
26;1;7;1071
27;1;12;1101
28;1;15;1122
29;1;5;1206
30;1;1;1265
31;1;9;1292
32;1;1;1366
33;1;20;1377
34;1;7;1398
35;1;17;1438
36;1;3;1461
37;1;9;1517
38;1;20;1572
39;1;3;1595
40;1;6;1601
*** EOF ***