**** 10 ****
100
11;2;1;2;33
7;2;1;2;40
3;13;1;2;92
18;6;1;2;92
14;18;1;2;78
6;12;1;2;95
9;16;1;2;66
9;4;1;2;51
6;6;1;2;15
16;16;1;2;26
16;19;1;2;99
2;5;1;2;61
2;8;1;2;13
14;5;1;2;51
19;11;1;2;28
9;8;1;2;79
4;8;1;2;55
11;17;1;2;30
14;14;1;2;15
1;1;1;2;2
19;17;1;2;80
11;18;1;2;37
4;19;1;2;56
9;5;1;2;32
20;3;1;2;74
8;11;1;2;61
8;14;1;2;29
15;16;1;2;57
5;2;1;2;30
12;2;1;2;91
6;13;1;2;39
19;3;1;2;56
16;6;1;2;86
4;14;1;2;22
16;14;1;2;4
11;13;1;2;66
4;12;1;2;52
5;6;1;2;27
2;2;1;2;48
5;13;1;2;82
8;11;1;2;54
7;9;1;2;68
15;16;1;2;33
13;19;1;2;18
16;6;1;2;23
12;16;1;2;76
19;12;1;2;7
11;16;1;2;73
10;18;1;2;6
11;14;1;2;71
5;1;1;2;21
11;7;1;2;41
19;13;1;2;16
4;5;1;2;6
2;12;1;2;91
6;4;1;2;99
14;14;1;2;90
1;4;1;2;45
6;5;1;2;74
13;15;1;2;7
4;19;1;2;39
17;9;1;2;57
18;19;1;2;69
14;2;1;2;14
20;4;1;2;17
3;1;1;2;80
2;14;1;2;73
4;6;1;2;48
10;12;1;2;33
16;4;1;2;79
16;19;1;2;70
15;15;1;2;10
13;12;1;2;69
14;17;1;2;82
20;8;1;2;17
18;10;1;2;97
18;12;1;2;2
4;15;1;2;88
12;16;1;2;79
17;4;1;2;34
17;11;1;2;72
19;17;1;2;66
9;1;1;2;9
10;15;1;2;65
13;14;1;2;92
10;3;1;2;81
8;13;1;2;84
2;16;1;2;91
10;19;1;2;98
1;16;1;2;81
15;4;1;2;3
19;2;1;2;0
5;2;1;2;80
14;12;1;2;66
19;4;1;2;20
3;13;1;2;14
5;12;1;2;26
1;14;1;2;81
12;15;1;2;32
11;16;1;2;7

1;1;9;36
2;1;8;57
3;1;19;78
4;1;5;99
5;1;3;120
6;1;16;150
7;1;8;348
8;1;4;386
9;1;2;425
10;1;10;464
11;1;18;480
12;1;1;519
13;1;13;535
14;1;12;565
15;1;6;603
16;1;16;725
17;1;16;747
18;1;3;776
19;1;8;961
20;1;9;1005
21;1;16;1044
22;1;13;1065
23;1;10;1086
24;1;7;1127
25;1;19;1136
26;1;5;1181
27;1;20;1215
28;1;16;1250
29;1;19;1267
30;1;18;1306
31;1;20;1405
32;1;2;1426
33;1;2;1497
34;1;20;1542
35;1;15;1563
36;1;5;1584
37;1;14;1605
38;1;8;1626
39;1;8;1647
40;1;15;1668
*** EOF ***