**** 38 ****
100
37;9;1;2;1333
27;7;1;2;558
19;33;1;2;2589
10;39;1;2;614
1;46;1;2;2834
5;3;1;2;1411
20;14;1;2;1116
3;37;1;2;1927
23;5;1;2;1758
13;7;1;2;20
28;44;1;2;1581
11;22;1;2;1187
21;40;1;2;1721
11;50;1;2;0
25;2;1;2;1055
11;6;1;2;409
24;28;1;2;2522
40;30;1;2;1311
17;3;1;2;765
25;17;1;2;1821
48;44;1;2;2716
29;7;1;2;387
18;27;1;2;1329
39;39;1;2;1028
49;15;1;2;2829
6;26;1;2;236
17;49;1;2;1513
41;41;1;2;1093
2;7;1;2;1747
17;34;1;2;1563
41;33;1;2;1558
9;11;1;2;66
49;30;1;2;645
28;18;1;2;2883
6;18;1;2;2100
37;25;1;2;425
23;41;1;2;325
37;32;1;2;2917
32;35;1;2;424
31;2;1;2;1659
46;44;1;2;291
4;2;1;2;1253
21;2;1;2;84
16;29;1;2;801
1;36;1;2;1119
1;22;1;2;2795
28;45;1;2;2536
6;33;1;2;919
23;14;1;2;1903
49;44;1;2;606
10;41;1;2;1849
1;44;1;2;53
6;16;1;2;1604
40;33;1;2;2185
44;34;1;2;2470
15;36;1;2;2994
10;16;1;2;288
48;21;1;2;2922
17;43;1;2;2637
23;42;1;2;1532
29;1;1;2;1522
31;4;1;2;1165
36;11;1;2;1233
42;3;1;2;1665
27;48;1;2;50
50;12;1;2;1488
44;23;1;2;403
32;21;1;2;473
6;39;1;2;1967
43;13;1;2;2310
25;42;1;2;161
47;24;1;2;2866
14;9;1;2;2678
49;50;1;2;2682
15;29;1;2;679
17;28;1;2;1492
5;21;1;2;1565
10;4;1;2;1137
33;9;1;2;1127
3;3;1;2;440
13;27;1;2;33
24;25;1;2;1756
42;40;1;2;366
23;39;1;2;467
5;5;1;2;1245
37;21;1;2;2874
29;28;1;2;1996
46;39;1;2;1899
35;24;1;2;209
15;26;1;2;2211
7;38;1;2;789
40;14;1;2;465
48;7;1;2;2757
16;29;1;2;2545
33;34;1;2;2199
31;22;1;2;2121
5;2;1;2;800
2;48;1;2;1639
3;34;1;2;2462
15;48;1;2;2237

1;1;20;12
2;1;17;217
3;1;8;266
4;1;25;318
5;1;17;450
6;1;36;501
7;1;8;552
8;1;40;603
9;1;26;646
10;1;29;697
11;1;28;748
12;1;33;799
13;1;33;850
14;1;20;901
15;1;30;952
16;1;17;1003
17;1;27;1054
18;1;45;1105
19;1;20;1156
20;1;7;1246
21;1;49;1297
22;1;36;1348
23;1;2;1399
24;1;32;1413
25;1;45;1583
26;1;14;1639
27;1;22;1876
28;1;42;1993
29;1;19;2228
30;1;44;2339
31;1;3;2390
32;1;17;2670
33;1;15;2695
34;1;4;2732
35;1;26;2783
36;1;32;2834
37;1;41;2885
38;1;35;2936
39;1;17;2987
40;1;33;3038
41;1;32;3089
42;1;25;3140
43;1;14;3191
44;1;42;3251
45;1;31;3302
46;1;13;3601
47;1;20;3631
48;1;15;3884
49;1;31;3914
50;1;38;3965
*** EOF ***