**** 9 ****
100
18;4;1;2;89
2;6;1;2;50
3;13;1;2;44
11;20;1;2;86
15;13;1;2;7
19;11;1;2;31
12;18;1;2;87
15;4;1;2;48
9;12;1;2;36
16;9;1;2;45
17;6;1;2;28
18;19;1;2;14
1;14;1;2;78
5;4;1;2;98
3;18;1;2;42
11;16;1;2;4
14;7;1;2;42
2;14;1;2;97
2;2;1;2;68
10;17;1;2;28
15;6;1;2;14
4;15;1;2;4
10;15;1;2;97
8;20;1;2;52
18;14;1;2;41
13;4;1;2;77
17;18;1;2;35
11;11;1;2;48
9;12;1;2;61
9;1;1;2;78
18;8;1;2;55
4;11;1;2;29
20;20;1;2;56
10;19;1;2;75
2;9;1;2;80
4;1;1;2;76
13;9;1;2;45
8;20;1;2;75
9;8;1;2;18
10;8;1;2;10
20;17;1;2;97
15;20;1;2;7
17;20;1;2;58
13;1;1;2;29
20;2;1;2;17
20;17;1;2;69
16;9;1;2;37
1;9;1;2;16
8;17;1;2;55
6;6;1;2;23
17;18;1;2;99
6;4;1;2;51
6;20;1;2;82
4;4;1;2;42
13;15;1;2;35
2;7;1;2;52
11;2;1;2;72
1;15;1;2;80
17;2;1;2;76
5;20;1;2;74
20;8;1;2;3
11;13;1;2;66
2;18;1;2;98
16;14;1;2;53
10;18;1;2;8
6;20;1;2;94
10;2;1;2;87
2;2;1;2;33
15;11;1;2;55
11;7;1;2;26
17;6;1;2;53
12;16;1;2;37
19;10;1;2;87
9;17;1;2;60
2;7;1;2;89
10;4;1;2;88
16;5;1;2;82
4;6;1;2;55
17;20;1;2;77
4;3;1;2;3
2;11;1;2;60
7;3;1;2;48
5;13;1;2;69
4;1;1;2;5
16;2;1;2;3
5;4;1;2;98
6;11;1;2;42
8;14;1;2;8
15;3;1;2;79
5;18;1;2;33
20;12;1;2;96
1;18;1;2;18
1;14;1;2;22
10;17;1;2;0
7;4;1;2;15
3;9;1;2;18
1;14;1;2;9
4;13;1;2;74
4;19;1;2;48
15;3;1;2;38

1;1;13;24
2;1;12;121
3;1;16;134
4;1;20;155
5;1;11;195
6;1;10;236
7;1;18;257
8;1;1;307
9;1;3;374
10;1;9;383
11;1;17;717
12;1;19;738
13;1;7;768
14;1;15;848
15;1;10;869
16;1;8;896
17;1;20;937
18;1;17;974
19;1;13;995
20;1;11;1016
21;1;17;1037
22;1;2;1058
23;1;13;1079
24;1;6;1129
25;1;20;1198
26;1;8;1219
27;1;1;1239
28;1;6;1244
29;1;3;1253
30;1;13;1271
31;1;15;1292
32;1;1;1320
33;1;6;1323
34;1;15;1335
35;1;20;1403
36;1;14;1424
37;1;15;1445
38;1;3;1485
39;1;7;1499
40;1;1;1566
*** EOF ***