**** 5 ****
100
13;8;1;2;32
19;11;1;2;37
9;8;1;2;37
12;11;1;2;5
16;14;1;2;6
4;11;1;2;3
5;15;1;2;33
4;7;1;2;4
4;9;1;2;33
4;13;1;2;5
20;18;1;2;25
12;8;1;2;7
9;17;1;2;34
18;20;1;2;37
15;16;1;2;30
13;11;1;2;13
17;7;1;2;7
10;10;1;2;5
14;6;1;2;33
19;9;1;2;37
17;8;1;2;26
14;11;1;2;14
1;11;1;2;2
7;8;1;2;1
4;3;1;2;8
7;15;1;2;18
12;11;1;2;24
11;12;1;2;6
16;5;1;2;31
1;16;1;2;11
10;12;1;2;31
17;17;1;2;1
3;17;1;2;32
5;15;1;2;31
18;11;1;2;5
7;17;1;2;32
5;20;1;2;2
10;10;1;2;6
16;17;1;2;30
7;17;1;2;37
10;6;1;2;0
1;14;1;2;16
3;16;1;2;4
7;12;1;2;39
18;10;1;2;29
16;16;1;2;37
8;12;1;2;36
2;13;1;2;25
8;8;1;2;1
11;6;1;2;29
8;16;1;2;26
9;16;1;2;20
5;10;1;2;7
10;16;1;2;39
1;6;1;2;28
10;13;1;2;15
19;20;1;2;26
15;1;1;2;39
12;1;1;2;18
5;11;1;2;36
14;18;1;2;23
20;6;1;2;18
12;3;1;2;0
20;4;1;2;7
19;4;1;2;24
19;5;1;2;16
6;3;1;2;15
4;17;1;2;8
3;20;1;2;8
14;4;1;2;38
10;9;1;2;7
13;20;1;2;5
3;12;1;2;7
15;3;1;2;2
3;13;1;2;5
7;11;1;2;29
16;8;1;2;23
3;11;1;2;39
11;6;1;2;30
11;19;1;2;13
9;20;1;2;1
17;4;1;2;12
14;6;1;2;3
13;13;1;2;5
15;15;1;2;9
12;13;1;2;11
13;8;1;2;18
16;11;1;2;9
7;13;1;2;14
17;4;1;2;4
10;4;1;2;23
3;12;1;2;6
15;5;1;2;3
11;17;1;2;15
8;11;1;2;1
18;2;1;2;26
9;6;1;2;25
20;1;1;2;7
9;7;1;2;20
15;3;1;2;23

1;1;3;106
2;1;4;207
3;1;1;242
4;1;3;336
5;1;4;380
6;1;5;497
7;1;6;590
8;1;8;606
9;1;5;739
10;1;7;759
11;1;1;790
12;1;10;827
13;1;4;843
14;1;9;875
15;1;7;1112
16;1;8;1263
17;1;6;1411
18;1;8;1429
19;1;7;1456
20;1;2;1523
*** EOF ***