**** 39 ****
100
17;50;1;2;2476
39;20;1;2;2852
41;17;1;2;1786
1;37;1;2;1396
28;11;1;2;629
33;50;1;2;1036
43;40;1;2;1905
44;16;1;2;1165
21;24;1;2;1409
45;2;1;2;590
48;18;1;2;2639
26;8;1;2;1210
30;49;1;2;2176
18;1;1;2;1265
15;28;1;2;1627
46;12;1;2;1376
32;4;1;2;1116
39;49;1;2;233
7;19;1;2;1706
16;15;1;2;1257
8;14;1;2;977
47;41;1;2;2184
7;21;1;2;1184
36;40;1;2;2684
3;4;1;2;312
30;49;1;2;623
8;32;1;2;1379
26;21;1;2;2327
9;27;1;2;2346
15;44;1;2;1912
25;2;1;2;1376
2;50;1;2;916
38;9;1;2;738
23;46;1;2;2628
7;48;1;2;1981
21;29;1;2;132
47;36;1;2;1115
26;12;1;2;485
3;22;1;2;463
1;37;1;2;2459
14;13;1;2;1062
42;14;1;2;1911
8;1;1;2;569
49;25;1;2;2564
27;32;1;2;513
10;4;1;2;1691
44;50;1;2;2179
10;25;1;2;2740
47;30;1;2;1311
11;30;1;2;2599
22;45;1;2;1861
34;36;1;2;426
45;46;1;2;479
17;44;1;2;203
33;22;1;2;2636
47;33;1;2;2090
40;27;1;2;2891
19;38;1;2;2716
11;34;1;2;1947
25;46;1;2;2226
26;17;1;2;523
40;2;1;2;508
18;47;1;2;1155
47;15;1;2;2498
3;47;1;2;2221
41;45;1;2;1954
31;37;1;2;2532
25;7;1;2;2071
41;20;1;2;704
40;44;1;2;2952
16;21;1;2;1920
41;10;1;2;1672
50;28;1;2;1470
7;26;1;2;1884
8;30;1;2;182
29;21;1;2;2879
35;3;1;2;2665
17;27;1;2;2423
38;19;1;2;1542
45;8;1;2;2037
49;26;1;2;508
19;16;1;2;2519
43;17;1;2;2498
13;24;1;2;924
49;31;1;2;2055
32;11;1;2;1825
13;46;1;2;0
30;12;1;2;2554
3;2;1;2;825
46;48;1;2;2082
33;46;1;2;257
41;16;1;2;1873
13;9;1;2;2141
11;21;1;2;1514
37;22;1;2;546
43;5;1;2;1107
18;17;1;2;2502
48;46;1;2;1615
5;48;1;2;518
30;43;1;2;2915

1;1;44;82
2;1;35;133
3;1;14;264
4;1;13;316
5;1;1;334
6;1;48;510
7;1;50;600
8;1;13;651
9;1;39;702
10;1;15;753
11;1;49;804
12;1;45;865
13;1;47;944
14;1;2;995
15;1;2;1046
16;1;24;1072
17;1;12;1204
18;1;7;1249
19;1;40;1341
20;1;34;1392
21;1;46;1701
22;1;38;1752
23;1;16;1884
24;1;20;1908
25;1;26;1950
26;1;32;2001
27;1;23;2052
28;1;22;2115
29;1;28;2166
30;1;10;2217
31;1;39;2268
32;1;22;2351
33;1;38;2425
34;1;19;2540
35;1;18;2591
36;1;50;2614
37;1;27;2692
38;1;6;2743
39;1;38;2794
40;1;6;2845
41;1;9;2896
42;1;39;2947
43;1;27;2998
44;1;15;3099
45;1;10;3250
46;1;20;3383
47;1;39;3529
48;1;43;3590
49;1;43;3641
50;1;31;3959
*** EOF ***