**** 14 ****
100
5;14;1;2;98
16;6;1;2;55
15;3;1;2;97
16;16;1;2;25
1;11;1;2;90
6;5;1;2;7
16;7;1;2;4
4;19;1;2;1
16;5;1;2;19
13;5;1;2;80
12;1;1;2;46
2;16;1;2;3
9;11;1;2;57
7;6;1;2;13
12;18;1;2;75
14;3;1;2;92
14;11;1;2;38
18;14;1;2;8
12;1;1;2;32
11;14;1;2;76
3;5;1;2;36
1;19;1;2;44
5;7;1;2;66
2;5;1;2;91
7;9;1;2;0
15;2;1;2;15
7;7;1;2;85
17;5;1;2;58
5;8;1;2;11
18;18;1;2;4
14;12;1;2;80
3;13;1;2;38
19;9;1;2;85
5;2;1;2;69
8;9;1;2;17
8;3;1;2;71
3;1;1;2;37
20;17;1;2;73
19;1;1;2;80
2;18;1;2;77
6;4;1;2;1
6;18;1;2;45
5;16;1;2;13
10;20;1;2;66
11;19;1;2;14
9;6;1;2;88
12;1;1;2;80
9;20;1;2;76
3;10;1;2;89
15;11;1;2;46
5;16;1;2;81
6;2;1;2;78
11;18;1;2;85
16;19;1;2;16
14;9;1;2;14
9;9;1;2;80
9;20;1;2;80
10;1;1;2;51
18;15;1;2;1
7;9;1;2;91
6;13;1;2;27
19;10;1;2;40
10;12;1;2;17
15;19;1;2;47
4;13;1;2;95
18;13;1;2;36
10;1;1;2;87
2;2;1;2;39
14;12;1;2;65
15;10;1;2;94
18;15;1;2;58
5;6;1;2;8
17;15;1;2;91
6;1;1;2;70
13;4;1;2;62
1;14;1;2;34
17;3;1;2;26
16;17;1;2;20
16;2;1;2;91
1;8;1;2;80
7;5;1;2;87
18;10;1;2;92
18;18;1;2;78
9;4;1;2;30
19;16;1;2;14
13;8;1;2;99
19;16;1;2;13
6;12;1;2;89
6;19;1;2;30
17;11;1;2;89
9;10;1;2;54
16;7;1;2;55
20;4;1;2;32
10;4;1;2;55
1;15;1;2;23
7;7;1;2;30
6;6;1;2;66
19;3;1;2;69
9;8;1;2;27
11;16;1;2;57

1;1;16;5
2;1;17;26
3;1;17;47
4;1;13;68
5;1;14;89
6;1;20;110
7;1;1;131
8;1;4;152
9;1;7;173
10;1;12;194
11;1;5;215
12;1;8;236
13;1;17;257
14;1;5;278
15;1;5;299
16;1;16;320
17;1;14;341
18;1;1;362
19;1;18;383
20;1;5;404
21;1;6;425
22;1;6;446
23;1;19;467
24;1;13;488
25;1;19;509
26;1;12;530
27;1;8;551
28;1;7;572
29;1;15;593
30;1;19;614
31;1;13;635
32;1;1;656
33;1;19;677
34;1;20;698
35;1;1;719
36;1;2;740
37;1;17;761
38;1;1;782
39;1;15;803
40;1;14;824
*** EOF ***