**** 3 ****
100
20;16;1;2;23
14;6;1;2;12
10;16;1;2;9
3;16;1;2;12
14;15;1;2;15
20;9;1;2;39
5;2;1;2;28
13;20;1;2;38
18;3;1;2;30
10;4;1;2;17
3;3;1;2;25
6;8;1;2;10
10;10;1;2;37
19;4;1;2;24
4;18;1;2;10
19;9;1;2;19
10;14;1;2;0
10;18;1;2;31
20;7;1;2;5
10;9;1;2;9
20;11;1;2;23
5;9;1;2;3
7;10;1;2;24
4;9;1;2;19
20;4;1;2;8
10;14;1;2;37
1;15;1;2;22
13;4;1;2;31
5;15;1;2;18
10;16;1;2;26
11;15;1;2;28
7;11;1;2;16
10;17;1;2;26
6;12;1;2;26
5;11;1;2;21
14;1;1;2;34
3;13;1;2;8
17;6;1;2;3
8;10;1;2;17
18;19;1;2;32
16;10;1;2;19
5;16;1;2;9
1;17;1;2;38
19;2;1;2;29
17;18;1;2;0
18;3;1;2;32
12;5;1;2;24
12;13;1;2;9
7;13;1;2;10
4;10;1;2;9
9;6;1;2;30
20;10;1;2;17
1;2;1;2;13
19;13;1;2;26
9;9;1;2;35
9;7;1;2;18
13;10;1;2;34
9;2;1;2;27
19;8;1;2;19
1;4;1;2;28
10;4;1;2;25
12;15;1;2;6
9;15;1;2;20
14;14;1;2;12
20;2;1;2;32
8;2;1;2;38
6;6;1;2;8
20;14;1;2;21
19;4;1;2;0
18;5;1;2;35
19;6;1;2;30
16;18;1;2;4
3;6;1;2;39
3;20;1;2;12
7;11;1;2;25
19;18;1;2;6
10;3;1;2;11
10;15;1;2;16
11;13;1;2;0
3;3;1;2;36
19;1;1;2;21
9;8;1;2;18
14;10;1;2;4
5;4;1;2;15
17;10;1;2;5
2;1;1;2;35
20;10;1;2;9
3;19;1;2;3
19;1;1;2;28
11;3;1;2;30
7;13;1;2;22
1;14;1;2;29
19;7;1;2;11
15;11;1;2;34
10;19;1;2;16
8;12;1;2;28
3;11;1;2;29
12;5;1;2;19
8;15;1;2;19
16;6;1;2;13

1;1;8;85
2;1;10;108
3;1;10;151
4;1;4;295
5;1;6;461
6;1;10;573
7;1;9;626
8;1;8;695
9;1;9;706
10;1;1;742
11;1;3;1077
12;1;9;1083
13;1;2;1094
14;1;5;1221
15;1;4;1502
16;1;5;1507
17;1;9;1515
18;1;10;1543
19;1;10;1584
20;1;4;1602
*** EOF ***