**** 11 ****
100
12;20;1;2;56
18;1;1;2;48
4;2;1;2;71
17;13;1;2;10
14;4;1;2;75
5;12;1;2;49
20;5;1;2;27
13;20;1;2;85
2;8;1;2;97
4;12;1;2;69
9;16;1;2;69
17;13;1;2;21
5;17;1;2;94
16;5;1;2;6
6;10;1;2;9
14;14;1;2;32
3;14;1;2;28
2;18;1;2;47
7;20;1;2;67
4;3;1;2;98
5;3;1;2;13
14;19;1;2;86
8;15;1;2;34
14;2;1;2;90
1;19;1;2;20
2;12;1;2;53
7;6;1;2;78
15;19;1;2;36
15;5;1;2;55
2;20;1;2;29
20;5;1;2;43
14;10;1;2;53
12;17;1;2;7
18;3;1;2;28
8;3;1;2;26
8;16;1;2;30
14;14;1;2;87
12;1;1;2;26
8;15;1;2;82
15;16;1;2;2
4;7;1;2;6
7;20;1;2;15
12;3;1;2;4
19;20;1;2;66
19;8;1;2;60
18;15;1;2;95
20;8;1;2;61
19;20;1;2;81
5;19;1;2;55
20;14;1;2;2
2;17;1;2;68
8;16;1;2;68
15;19;1;2;42
11;10;1;2;22
17;8;1;2;49
17;17;1;2;95
5;16;1;2;15
6;15;1;2;86
19;11;1;2;44
14;10;1;2;97
8;3;1;2;26
16;2;1;2;73
16;17;1;2;91
19;7;1;2;40
1;16;1;2;0
2;12;1;2;96
17;8;1;2;64
4;5;1;2;90
10;3;1;2;0
7;8;1;2;82
4;15;1;2;84
2;3;1;2;66
7;18;1;2;94
11;8;1;2;20
11;8;1;2;67
3;1;1;2;91
12;10;1;2;38
16;13;1;2;75
6;15;1;2;29
18;1;1;2;57
12;16;1;2;63
9;10;1;2;65
15;16;1;2;83
1;6;1;2;10
13;9;1;2;70
1;11;1;2;62
12;2;1;2;31
2;9;1;2;44
17;14;1;2;90
7;4;1;2;10
16;15;1;2;5
19;15;1;2;6
5;9;1;2;82
20;9;1;2;27
2;14;1;2;87
4;14;1;2;58
7;5;1;2;91
18;6;1;2;0
14;15;1;2;73
4;1;1;2;68

1;1;19;6
2;1;1;27
3;1;6;48
4;1;4;69
5;1;10;90
6;1;8;111
7;1;17;132
8;1;1;153
9;1;4;174
10;1;17;195
11;1;2;216
12;1;4;237
13;1;18;258
14;1;8;279
15;1;7;300
16;1;8;321
17;1;10;342
18;1;9;363
19;1;7;384
20;1;20;405
21;1;2;426
22;1;13;447
23;1;11;468
24;1;15;489
25;1;2;510
26;1;7;531
27;1;3;552
28;1;11;573
29;1;5;594
30;1;11;615
31;1;17;636
32;1;19;657
33;1;6;678
34;1;17;699
35;1;17;720
36;1;6;741
37;1;14;762
38;1;9;783
39;1;12;804
40;1;7;825
*** EOF ***