**** 40 ****
100
46;17;1;2;164
36;17;1;2;318
18;12;1;2;2401
7;30;1;2;1773
42;16;1;2;405
27;37;1;2;1250
48;28;1;2;1812
45;20;1;2;1252
5;27;1;2;1777
6;14;1;2;2366
20;9;1;2;84
34;44;1;2;950
3;13;1;2;2113
6;22;1;2;2544
31;15;1;2;1112
36;42;1;2;1698
38;41;1;2;1378
3;37;1;2;2599
5;41;1;2;826
35;47;1;2;441
1;18;1;2;1701
37;3;1;2;2694
37;7;1;2;2509
2;12;1;2;1480
49;42;1;2;2144
11;29;1;2;1937
11;17;1;2;1679
39;21;1;2;2265
41;27;1;2;756
17;11;1;2;1454
10;13;1;2;2423
11;49;1;2;475
7;37;1;2;2282
16;41;1;2;1595
48;39;1;2;2837
45;1;1;2;1467
34;11;1;2;1385
14;2;1;2;1755
29;42;1;2;1182
37;10;1;2;1794
43;19;1;2;2959
16;29;1;2;1759
42;35;1;2;2498
26;3;1;2;1288
21;50;1;2;1378
10;44;1;2;528
28;28;1;2;788
13;43;1;2;889
21;21;1;2;782
5;8;1;2;941
1;50;1;2;2159
10;18;1;2;489
22;11;1;2;1274
20;36;1;2;1726
10;8;1;2;677
38;18;1;2;273
18;47;1;2;2802
8;11;1;2;944
48;31;1;2;2964
32;35;1;2;1323
24;36;1;2;475
35;47;1;2;2842
25;18;1;2;252
1;39;1;2;1339
27;48;1;2;1346
4;37;1;2;463
29;6;1;2;861
31;14;1;2;222
25;11;1;2;652
42;44;1;2;1039
15;17;1;2;176
42;2;1;2;1022
34;28;1;2;0
38;28;1;2;2380
27;4;1;2;1030
26;9;1;2;368
41;38;1;2;924
3;20;1;2;837
25;45;1;2;1349
29;36;1;2;242
18;2;1;2;1459
44;44;1;2;1862
17;29;1;2;1589
11;19;1;2;2618
41;45;1;2;323
21;20;1;2;1381
40;11;1;2;770
16;15;1;2;940
3;39;1;2;186
2;17;1;2;1121
46;37;1;2;124
7;30;1;2;319
19;48;1;2;1548
10;8;1;2;1766
30;1;1;2;2312
3;23;1;2;1534
37;14;1;2;246
7;29;1;2;2310
49;31;1;2;1948
37;34;1;2;516

1;1;31;187
2;1;10;238
3;1;33;289
4;1;11;340
5;1;17;391
6;1;12;442
7;1;18;493
8;1;8;544
9;1;4;595
10;1;30;646
11;1;12;697
12;1;7;748
13;1;34;799
14;1;21;850
15;1;44;901
16;1;15;952
17;1;20;1003
18;1;39;1203
19;1;7;1254
20;1;14;1319
21;1;20;1341
22;1;22;1385
23;1;4;1538
24;1;30;1764
25;1;24;1945
26;1;34;1996
27;1;24;2047
28;1;42;2098
29;1;38;2149
30;1;45;2200
31;1;17;2251
32;1;25;2366
33;1;41;2491
34;1;35;2548
35;1;26;2588
36;1;2;2643
37;1;35;2690
38;1;48;2874
39;1;48;2961
40;1;25;3012
41;1;35;3059
42;1;19;3107
43;1;9;3205
44;1;2;3221
45;1;45;3231
46;1;5;3623
47;1;45;3629
48;1;6;3712
49;1;43;3797
50;1;40;3868
*** EOF ***