**** 37 ****
100
28;42;1;2;2461
3;25;1;2;1500
12;8;1;2;1001
1;12;1;2;1136
25;3;1;2;1138
12;3;1;2;185
39;19;1;2;1907
47;1;1;2;1989
35;29;1;2;2566
42;36;1;2;650
48;16;1;2;1641
9;20;1;2;1817
11;31;1;2;424
14;34;1;2;1635
50;8;1;2;1837
41;21;1;2;891
26;11;1;2;659
35;8;1;2;711
24;44;1;2;2092
40;38;1;2;327
40;35;1;2;2642
33;45;1;2;562
3;7;1;2;744
27;21;1;2;1777
15;22;1;2;986
4;12;1;2;2706
46;39;1;2;1019
7;23;1;2;1228
21;46;1;2;2421
13;37;1;2;2358
40;28;1;2;2694
33;13;1;2;2538
47;15;1;2;1095
41;43;1;2;2717
19;9;1;2;2188
7;13;1;2;1352
14;10;1;2;0
33;16;1;2;513
11;36;1;2;2110
34;48;1;2;1047
45;40;1;2;1324
41;22;1;2;2288
30;20;1;2;2052
27;10;1;2;2097
46;30;1;2;705
34;37;1;2;419
38;2;1;2;1778
29;36;1;2;146
44;48;1;2;2233
4;33;1;2;1133
1;27;1;2;172
28;18;1;2;2345
16;49;1;2;2214
21;27;1;2;875
18;22;1;2;2755
25;7;1;2;543
45;45;1;2;2594
25;23;1;2;1279
21;18;1;2;826
7;21;1;2;1008
40;22;1;2;1537
14;1;1;2;2106
9;16;1;2;2606
25;38;1;2;1132
2;5;1;2;1105
7;30;1;2;1361
2;26;1;2;605
46;50;1;2;2229
27;21;1;2;746
5;27;1;2;1619
14;18;1;2;2190
3;31;1;2;1840
11;41;1;2;2857
17;17;1;2;1295
49;18;1;2;2601
4;27;1;2;1482
17;28;1;2;1357
25;24;1;2;1357
6;50;1;2;1979
5;5;1;2;2457
24;20;1;2;924
14;24;1;2;1256
6;34;1;2;2446
15;50;1;2;1764
12;50;1;2;2381
14;5;1;2;1757
48;21;1;2;435
6;45;1;2;1008
15;3;1;2;2459
44;7;1;2;2615
3;30;1;2;2484
29;43;1;2;1307
35;50;1;2;1190
33;16;1;2;2091
47;28;1;2;1790
30;43;1;2;1744
38;40;1;2;667
23;47;1;2;2163
33;11;1;2;2815
44;6;1;2;721

1;1;16;174
2;1;10;214
3;1;46;278
4;1;5;339
5;1;25;446
6;1;23;497
7;1;30;548
8;1;27;1089
9;1;15;1140
10;1;3;1174
11;1;23;1231
12;1;31;1302
13;1;33;1355
14;1;24;1406
15;1;29;1457
16;1;13;1502
17;1;26;1584
18;1;33;1661
19;1;24;1733
20;1;1;1806
21;1;32;1849
22;1;8;1900
23;1;1;1952
24;1;31;2081
25;1;45;2242
26;1;12;2365
27;1;44;2505
28;1;7;2569
29;1;23;2681
30;1;15;2778
31;1;9;2813
32;1;15;2838
33;1;43;2919
34;1;46;2982
35;1;3;3033
36;1;42;3081
37;1;43;3132
38;1;31;3325
39;1;35;3376
40;1;4;3427
41;1;19;3449
42;1;16;3500
43;1;46;3551
44;1;7;3602
45;1;27;3653
46;1;16;3704
47;1;12;3755
48;1;48;3806
49;1;5;3857
50;1;43;3908
*** EOF ***