**** 36 ****
100
44;3;1;2;2074
5;25;1;2;966
46;18;1;2;109
42;34;1;2;0
6;29;1;2;2348
36;44;1;2;2681
8;2;1;2;1842
48;8;1;2;171
44;50;1;2;2439
48;17;1;2;646
35;12;1;2;2900
11;16;1;2;2025
27;13;1;2;2142
38;4;1;2;2527
46;12;1;2;2657
46;47;1;2;102
27;5;1;2;2003
21;4;1;2;762
43;48;1;2;2761
34;47;1;2;2629
30;31;1;2;2941
31;42;1;2;208
8;20;1;2;421
2;10;1;2;2876
29;5;1;2;2489
38;1;1;2;1536
40;29;1;2;1442
44;2;1;2;1645
6;44;1;2;594
18;27;1;2;2591
49;8;1;2;323
42;38;1;2;1866
1;47;1;2;2538
24;48;1;2;2447
2;26;1;2;1601
42;15;1;2;53
30;5;1;2;484
22;48;1;2;1735
17;3;1;2;978
12;22;1;2;1356
5;23;1;2;163
28;14;1;2;653
47;16;1;2;1849
35;41;1;2;247
32;43;1;2;1724
35;36;1;2;2939
39;15;1;2;993
23;38;1;2;1242
10;4;1;2;1096
40;17;1;2;670
46;23;1;2;2592
11;3;1;2;1507
14;49;1;2;273
16;33;1;2;13
15;14;1;2;957
39;50;1;2;2594
30;40;1;2;460
25;12;1;2;1997
17;23;1;2;203
14;12;1;2;1319
36;9;1;2;2994
28;20;1;2;1846
35;35;1;2;94
10;50;1;2;276
24;14;1;2;2191
33;5;1;2;1792
28;34;1;2;1782
38;9;1;2;2995
38;27;1;2;1168
41;42;1;2;981
12;27;1;2;440
6;6;1;2;59
2;41;1;2;843
48;2;1;2;1995
26;25;1;2;760
19;10;1;2;1864
12;39;1;2;2598
44;28;1;2;1658
39;15;1;2;286
9;5;1;2;2228
41;17;1;2;2856
31;22;1;2;1412
42;26;1;2;2754
37;23;1;2;1155
32;49;1;2;2982
43;17;1;2;191
9;28;1;2;2081
9;23;1;2;2408
17;14;1;2;523
6;22;1;2;2627
34;12;1;2;1393
42;44;1;2;167
4;35;1;2;442
10;22;1;2;16
18;5;1;2;1814
50;47;1;2;83
43;6;1;2;2262
24;16;1;2;1487
34;33;1;2;400
7;38;1;2;521

1;1;24;101
2;1;41;129
3;1;47;487
4;1;14;583
5;1;29;620
6;1;43;763
7;1;26;814
8;1;46;942
9;1;41;993
10;1;40;1044
11;1;29;1095
12;1;24;1154
13;1;42;1224
14;1;45;1275
15;1;23;1439
16;1;47;1603
17;1;19;1661
18;1;2;1865
19;1;26;1921
20;1;38;1972
21;1;5;2049
22;1;44;2138
23;1;19;2217
24;1;12;2304
25;1;12;2322
26;1;47;2392
27;1;35;2443
28;1;49;2494
29;1;40;2653
30;1;13;2695
31;1;20;2746
32;1;26;2797
33;1;43;2848
34;1;26;2895
35;1;18;2923
36;1;26;3055
37;1;13;3148
38;1;26;3173
39;1;30;3224
40;1;48;3275
41;1;14;3334
42;1;19;3393
43;1;35;3443
44;1;24;3494
45;1;37;3545
46;1;48;3596
47;1;11;3680
48;1;41;3730
49;1;23;3781
50;1;11;4000
*** EOF ***